100
0
99
93
80
80
68
117
107
86
190
177
131
145
124
115
113
88
148
252
244
114
224
198
109
185
132
83
163
164
199
239
96
13
269
226
107
139
50
183
64
215
79
232
91
132
96
117
240
154
-1
146
146
242
-1
194
108
159
207
194
180
-1
103
76
191
-1
-1
124
138
172
67
156
78
58
162
232
177
129
207
234
-1
137
261
144
269
156
114
236
252
136
205
115
91
124
183
160
221
244
122
90
212
-1
93
0
133
13
113
100
-1
176
108
91
49
32
81
157
156
122
81
78
133
170
113
84
235
10
-1
115
176
196
115
119
171
139
80
98
111
216
172
117
109
105
105
146
138
84
36
89
96
123
44
123
191
165
143
204
143
118
67
252
95
18
241
170
92
234
67
108
117
171
190
108
82
90
125
180
70
103
170
72
106
74
170
239
190
201
149
126
131
124
98
184
-1
158
129
162
61
122
145
196
83
138
-1
93
133
0
120
150
97
40
101
141
104
84
101
52
106
75
94
69
55
155
149
101
131
141
140
92
45
130
115
76
107
182
77
106
185
133
72
91
107
211
93
-1
156
213
72
197
61
45
111
183
145
53
84
154
192
106
165
126
114
213
251
220
160
145
172
-1
140
105
120
79
96
184
143
151
317
199
205
158
119
114
-1
119
218
109
204
137
107
152
159
43
165
80
184
135
143
130
133
-1
87
71
128
-1
80
13
120
0
100
87
160
126
140
93
36
45
155
144
167
161
115
152
166
157
135
71
224
23
212
87
182
196
121
129
271
146
67
112
113
155
159
104
96
91
155
133
170
118
23
104
83
190
181
149
173
221
130
290
175
162
168
234
108
207
228
157
79
-1
54
-1
151
158
199
94
69
77
112
182
178
90
156
-1
93
136
157
226
198
235
183
113
145
111
85
171
-1
145
154
149
123
109
207
206
117
125
-1
80
113
121
100
0
24
81
63
91
193
136
179
155
44
75
77
52
159
106
152
78
171
124
123
133
96
113
83
156
84
222
60
67
167
98
71
59
42
147
28
174
91
121
55
88
60
81
88
118
86
129
66
157
169
126
100
151
190
209
144
170
95
32
137
154
164
82
58
145
31
120
34
112
126
129
141
93
200
218
-1
57
172
77
186
120
70
134
166
98
128
100
145
84
106
307
178
223
86
54
158
-1
68
167
97
87
24
0
57
39
67
160
153
178
78
68
55
53
28
135
82
128
54
171
-1
99
109
72
89
112
56
60
198
36
55
143
74
47
-1
18
123
4
150
67
97
31
64
36
57
64
94
62
105
64
124
145
102
76
127
166
140
120
146
71
8
113
-1
140
58
-1
121
7
96
10
95
102
105
117
69
175
194
-1
159
148
132
162
96
46
110
142
87
104
-1
133
60
82
-1
113
199
62
30
134
-1
117
172
40
162
115
57
0
61
106
69
89
128
63
71
40
54
29
66
161
172
61
136
106
100
52
46
90
80
41
67
147
37
104
196
89
32
56
67
93
53
131
116
173
32
157
21
42
71
143
-1
90
49
119
152
71
125
138
88
238
169
116
120
105
132
-1
120
59
85
119
56
145
103
149
151
164
99
118
84
-1
-1
84
216
74
183
97
67
163
149
44
125
40
182
61
103
99
98
169
47
31
139
-1
186
146
101
144
248
39
61
0
200
55
108
114
82
209
59
67
48
85
43
138
149
144
152
140
113
76
103
126
60
143
95
50
199
185
35
29
75
148
222
163
117
215
230
45
151
40
61
96
174
23
109
68
85
240
235
208
157
170
101
148
245
308
95
145
202
42
72
-1
180
160
197
97
228
144
200
198
163
78
165
204
396
243
280
125
-1
80
176
183
63
138
37
-1
74
116
85
106
169
66
179
158
-1
86
108
226
121
91
67
179
106
0
93
176
140
89
264
66
119
141
255
208
219
174
162
-1
98
127
227
188
232
65
180
307
156
73
186
113
-1
82
110
168
71
83
139
30
151
163
85
223
184
116
-1
173
75
145
265
35
168
155
112
203
90
191
163
75
233
194
144
184
-1
224
127
209
217
28
182
38
174
189
108
233
162
251
193
-1
271
106
186
219
251
225
244
-1
151
163
222
123
124
207
286
150
243
-1
173
91
153
93
193
160
190
55
93
0
129
59
191
230
29
132
145
105
42
137
113
143
173
125
90
142
286
147
28
119
80
149
160
182
20
180
171
177
190
163
62
184
123
148
116
153
190
103
123
32
100
175
84
204
58
276
225
75
100
149
213
277
214
152
147
27
137
244
200
160
217
216
121
89
131
196
122
63
-1
206
243
188
249
110
199
230
149
201
220
197
-1
238
139
194
30
105
114
195
143
173
-1
177
157
84
36
-1
104
89
108
245
212
0
162
110
349
87
117
76
116
151
173
99
183
292
147
141
51
192
266
88
93
243
163
151
188
192
79
103
114
215
100
-1
163
220
79
234
68
47
109
181
131
137
96
166
190
275
172
185
198
230
155
238
167
203
158
-1
185
112
-1
163
103
188
205
-1
198
207
209
165
209
57
211
255
240
-1
207
144
183
155
75
49
241
87
-1
224
219
191
145
275
94
78
132
-1
221
32
128
152
221
197
140
158
204
59
162
0
49
169
138
159
127
46
145
140
159
169
-1
198
192
83
205
178
87
222
183
142
303
191
79
130
154
273
189
151
121
237
-1
130
272
119
87
188
255
135
181
147
187
273
169
215
164
186
203
229
211
330
205
237
-1
130
163
-1
207
262
216
218
-1
148
262
195
242
166
105
285
418
209
172
210
195
182
158
237
85
240
138
-1
166
218
29
196
113
145
129
182
-1
145
81
52
155
145
121
63
82
89
52
119
49
0
54
23
76
50
3
125
97
78
119
89
121
86
78
228
63
24
84
130
93
158
133
110
53
39
157
127
74
224
122
194
53
178
42
63
88
163
105
105
32
102
169
54
210
159
71
175
137
-1
210
129
188
209
103
81
-1
131
125
132
160
233
-1
147
153
165
67
62
157
303
166
57
152
118
146
100
133
80
113
61
266
83
110
78
81
162
68
52
76
-1
177
147
111
144
44
68
71
165
97
60
337
303
54
0
31
84
58
257
152
163
205
127
65
137
94
86
178
39
32
153
106
101
111
214
118
61
15
154
135
161
294
98
-1
120
212
50
71
113
171
-1
119
22
110
296
62
212
194
79
210
145
158
101
160
220
-1
111
89
14
204
158
251
158
209
331
155
141
173
75
316
201
13
232
33
172
-1
122
181
262
101
89
-1
242
91
86
-1
89
211
76
-1
205
-1
207
108
80
121
-1
55
40
59
66
29
87
127
23
31
0
53
27
-1
102
132
59
96
66
98
63
44
88
40
1
65
107
35
102
161
87
30
16
65
104
51
-1
99
171
30
189
19
40
69
132
82
88
9
79
150
31
123
125
48
179
106
127
118
135
131
-1
80
58
-1
121
54
143
137
-1
149
124
110
116
44
-1
162
206
214
34
143
95
65
128
147
42
90
38
-1
60
87
-1
58
180
45
29
152
-1
163
190
116
177
77
53
156
67
119
82
138
159
76
84
53
0
25
79
174
93
39
149
-1
96
116
76
80
93
54
45
163
17
100
108
112
-1
69
63
157
49
-1
52
169
22
138
33
80
29
139
-1
162
62
132
130
84
121
93
101
150
229
196
116
61
78
231
105
5
-1
68
52
141
84
-1
147
177
162
114
97
288
132
204
194
87
127
93
57
75
127
78
115
-1
-1
7
93
188
111
-1
122
27
99
-1
144
81
74
115
52
28
29
48
95
56
76
127
50
58
27
25
0
173
91
159
32
123
110
71
90
33
61
67
28
38
143
8
75
159
83
19
43
38
143
24
166
87
144
3
92
8
29
42
105
71
77
36
106
123
58
96
124
75
338
79
166
91
36
103
-1
90
36
181
170
27
116
38
-1
122
131
137
89
71
-1
135
179
168
61
160
68
38
177
120
31
96
27
-1
111
74
156
85
219
34
2
172
-1
338
78
55
198
268
244
186
204
311
105
116
46
3
442
26
205
113
0
189
94
81
186
-1
233
229
129
366
267
133
87
200
188
325
145
125
176
245
288
188
131
167
188
-1
193
228
98
133
91
364
181
234
238
147
172
-1
261
210
295
187
-1
165
341
252
283
-1
176
210
-1
-1
128
182
254
370
194
-1
194
227
212
59
169
429
163
402
164
-1
208
112
169
131
-1
184
403
212
250
75
168
159
191
111
79
-1
248
153
155
166
199
82
192
43
349
42
214
145
192
155
121
134
175
189
0
95
115
101
175
127
202
187
293
149
108
121
82
151
252
142
22
72
140
215
161
165
-1
186
319
88
194
171
192
105
-1
34
102
133
42
206
-1
273
227
163
58
-1
166
256
138
154
-1
29
139
169
202
162
176
140
-1
263
-1
155
294
65
248
166
168
164
158
112
243
176
113
194
194
199
190
-1
141
196
116
63
200
197
145
137
-1
242
172
149
157
207
183
172
191
-1
161
174
140
97
163
120
93
134
94
95
0
74
92
198
139
135
178
325
172
133
254
106
110
255
51
147
162
148
174
94
180
-1
145
351
210
134
151
172
64
270
159
202
141
53
133
163
237
186
180
93
-1
71
264
175
113
-1
140
98
177
161
183
88
177
-1
168
-1
100
201
176
153
75
176
69
166
70
275
192
18
99
180
222
170
-1
100
156
169
74
170
177
209
42
-1
216
226
123
178
78
54
130
80
121
193
99
228
78
122
92
39
32
81
136
74
0
130
202
103
204
145
93
116
165
6
144
40
101
89
93
120
137
64
163
50
299
91
176
35
-1
40
130
10
140
116
176
280
127
91
195
122
156
212
131
-1
157
117
62
59
-1
86
44
136
107
47
136
64
-1
148
288
157
115
122
-1
113
135
143
172
108
100
70
56
88
132
185
128
-1
46
163
267
168
239
83
30
80
-1
343
200
131
71
171
147
132
144
162
125
137
168
119
172
96
149
119
122
101
92
130
0
-1
129
101
86
426
181
97
214
162
145
356
41
123
122
157
157
60
143
-1
240
263
122
121
111
90
120
233
167
180
105
59
149
127
218
167
144
149
272
83
-1
155
169
-1
176
155
-1
304
146
75
175
-1
184
220
54
208
140
181
65
-1
85
175
126
187
211
74
155
88
306
-1
-1
243
212
197
38
136
137
121
98
-1
212
268
286
266
266
155
-1
152
266
173
302
232
89
65
66
119
110
-1
175
199
236
162
0
258
263
171
165
26
67
431
93
112
199
214
153
-1
50
206
267
192
235
133
-1
107
199
85
-1
227
282
165
233
57
145
425
231
264
315
248
233
266
363
226
147
207
320
160
282
-1
239
189
261
145
244
262
318
261
257
196
-1
238
314
361
68
129
-1
109
181
262
-1
76
-1
277
178
73
203
124
287
354
-1
205
-1
109
10
183
23
123
110
195
140
98
116
59
42
221
282
106
150
71
88
127
139
177
94
-1
0
167
125
244
232
105
277
165
197
90
88
105
185
267
166
208
124
95
222
-1
171
46
174
142
167
34
117
185
260
169
272
135
108
57
152
105
8
210
219
102
216
77
98
145
-1
238
216
92
100
-1
214
60
148
247
62
-1
64
307
208
285
173
-1
136
121
202
140
194
193
-1
177
172
71
132
283
200
-1
145
-1
328
150
92
137
237
164
52
113
127
90
173
135
86
-1
63
116
81
89
170
135
164
101
-1
167
0
109
245
268
62
176
208
192
204
142
148
84
-1
174
41
160
262
223
328
187
114
73
94
194
201
160
142
72
188
130
92
232
224
109
223
175
64
227
170
243
191
141
220
-1
306
163
68
168
-1
165
185
47
196
105
148
205
315
66
-1
200
252
204
148
181
124
262
92
-1
245
240
201
121
117
99
186
124
-1
138
115
45
87
128
104
46
65
171
142
51
83
67
-1
44
76
33
100
108
178
65
86
-1
104
187
0
94
117
45
128
248
41
151
127
130
36
-1
188
146
57
-1
217
177
36
207
25
4
105
-1
88
94
53
145
225
-1
132
81
155
166
-1
169
-1
112
154
-1
181
69
-1
124
181
161
114
196
181
-1
140
148
217
108
151
-1
171
-1
212
101
71
151
126
2
319
44
229
83
297
112
102
196
51
35
173
-1
83
182
176
182
120
96
-1
103
163
275
218
400
316
178
179
80
61
319
303
271
142
253
165
216
252
122
0
139
253
331
206
63
96
286
290
-1
163
78
211
92
243
155
218
58
183
280
419
207
182
-1
361
170
261
300
223
136
187
300
328
208
234
131
104
158
236
283
154
192
261
95
184
129
160
190
226
205
157
296
429
310
191
236
181
215
294
93
253
297
-1
151
-1
193
192
129
371
282
287
254
-1
240
-1
186
253
190
196
83
129
-1
126
246
147
196
228
255
39
40
103
84
-1
149
173
210
181
26
232
275
145
139
0
213
405
67
86
173
188
127
-1
24
180
262
166
317
107
-1
81
173
170
149
132
256
139
207
31
122
427
243
238
226
260
207
282
365
200
121
181
294
134
108
53
213
163
219
119
218
264
334
240
231
170
-1
-1
52
363
42
103
-1
83
155
236
147
50
-1
251
110
47
221
143
305
328
-1
179
-1
214
115
76
121
184
160
114
121
65
28
245
87
24
-1
1
54
76
27
108
133
102
97
-1
105
62
213
224
213
0
171
146
171
-1
193
48
150
17
265
103
164
90
236
-1
166
176
20
198
155
139
98
108
10
80
256
30
213
162
47
166
113
126
-1
168
204
-1
79
189
-1
252
212
130
170
-1
117
123
109
150
43
-1
169
-1
128
-1
176
-1
201
201
243
200
259
158
-1
191
237
58
59
142
203
195
100
-1
262
-1
164
129
-1
182
124
143
188
151
93
211
145
153
122
175
111
201
186
254
6
214
188
266
176
128
331
162
123
0
229
187
290
331
252
114
138
253
331
239
-1
302
-1
188
376
103
124
335
324
166
172
131
201
370
153
260
209
170
373
298
308
306
238
384
-1
259
297
-1
248
242
330
358
-1
207
246
337
174
166
150
355
-1
306
156
295
-1
245
298
168
126
212
122
-1
347
209
346
180
407
77
-1
274
-1
286
235
193
233
150
134
156
95
211
80
244
183
130
106
107
160
143
200
82
106
144
162
93
165
208
171
369
67
108
150
0
278
217
121
60
124
91
260
195
194
-1
174
-1
140
214
126
156
134
347
72
140
98
124
235
176
-1
-1
193
140
321
177
207
190
183
-1
67
-1
120
272
191
168
192
-1
274
269
189
258
103
301
145
119
175
109
36
-1
158
88
169
186
117
132
-1
265
114
154
145
238
161
174
112
-1
146
174
99
153
110
86
110
50
136
99
183
142
93
125
70
17
8
96
225
110
40
145
112
79
133
59
63
86
71
46
153
0
135
125
119
100
86
98
199
32
161
69
152
5
130
16
63
46
202
-1
152
79
163
131
101
156
110
118
167
246
197
151
78
95
-1
122
22
-1
85
87
172
76
-1
188
194
193
177
114
260
149
239
179
128
144
76
40
92
128
61
98
108
-1
24
76
129
128
213
115
10
116
-1
13
80
106
67
67
55
256
94
73
160
103
219
173
111
150
118
75
182
137
175
101
138
-1
146
204
227
96
217
138
107
245
255
0
190
159
123
149
37
163
51
156
66
103
78
90
83
150
111
141
117
-1
159
179
192
108
95
146
-1
195
163
186
90
63
160
121
187
111
-1
172
54
136
144
45
149
111
157
116
223
160
214
178
188
131
209
143
134
157
178
-1
192
-1
78
111
170
190
200
239
213
77
181
-1
302
98
185
112
222
198
295
209
265
182
189
235
133
266
156
108
149
136
166
51
89
41
-1
88
181
127
267
188
234
471
121
125
226
0
162
-1
243
189
140
202
183
160
-1
242
159
228
300
79
122
174
242
299
208
229
264
247
145
281
108
96
163
242
190
128
-1
155
113
-1
176
205
113
192
-1
264
148
95
267
150
-1
24
341
165
225
85
-1
207
33
114
298
265
-1
-1
115
171
256
79
216
394
-1
57
-1
-1
155
133
113
-1
74
170
35
151
20
217
123
110
-1
87
112
125
169
22
117
93
123
-1
105
148
174
-1
223
48
99
60
129
-1
162
0
64
162
157
189
143
82
164
269
80
186
106
170
83
143
12
80
96
64
184
116
300
249
133
80
261
210
-1
130
132
-1
7
117
-1
180
140
209
132
-1
109
209
230
142
43
-1
186
-1
208
-1
90
193
168
129
181
172
226
168
-1
119
176
50
85
178
175
123
153
-1
195
128
72
115
215
202
32
29
211
174
79
160
53
61
30
83
19
56
151
162
120
126
-1
138
84
36
-1
70
31
114
320
-1
182
265
160
0
46
213
125
199
-1
129
-1
263
138
11
32
252
285
-1
80
39
109
214
176
359
308
141
223
259
148
-1
194
-1
169
225
396
-1
-1
202
152
192
227
167
269
131
134
189
136
315
-1
150
64
284
-1
228
153
154
34
286
8
260
269
264
285
88
201
37
272
129
-1
-1
345
268
159
59
83
-1
298
433
533
353
559
268
15
16
135
170
469
140
151
190
157
95
335
411
359
247
24
440
196
381
-1
126
392
435
327
0
160
370
146
595
83
-1
258
313
600
400
200
236
321
-1
7
98
281
488
227
278
-1
434
343
347
116
203
-1
-1
433
245
29
189
143
238
205
-1
444
395
376
211
397
410
399
28
345
18
345
-1
223
359
278
-1
281
-1
-1
128
259
530
119
446
574
220
335
-1
50
356
129
104
42
18
223
57
85
201
346
322
136
154
113
81
38
241
282
194
64
181
206
109
174
190
78
180
114
253
247
137
37
219
309
213
129
0
133
14
165
77
182
41
152
46
223
232
104
321
271
122
213
222
266
58
109
283
261
130
156
53
26
-1
-1
315
74
-1
175
17
106
28
82
112
182
127
79
279
-1
243
141
158
142
219
106
97
186
219
253
155
221
115
101
133
293
171
209
176
40
162
-1
339
109
191
96
147
123
93
162
190
189
132
189
159
191
182
182
143
162
189
94
163
60
256
214
41
146
256
230
103
308
195
203
163
101
211
253
206
133
0
119
270
182
287
146
73
151
150
153
209
247
352
213
147
89
380
278
227
413
182
235
23
292
129
202
150
229
179
205
265
122
27
127
-1
124
287
6
157
-1
272
-1
204
25
224
159
211
163
107
140
148
221
-1
-1
204
199
160
98
76
254
145
83
-1
64
105
93
118
28
4
53
43
71
187
199
151
127
168
51
95
24
-1
229
180
50
154
192
95
105
68
92
166
200
239
233
123
51
183
181
43
146
14
119
0
151
63
168
27
138
32
53
218
90
219
101
-1
271
261
239
72
123
162
247
103
199
67
12
218
-1
193
60
-1
169
3
92
14
96
98
168
113
65
157
-1
159
155
197
128
205
92
83
172
205
70
141
51
129
87
119
217
-1
-1
58
26
148
-1
169
105
262
155
174
150
262
189
83
62
191
121
314
-1
149
245
166
167
-1
319
313
226
-1
95
210
204
252
279
90
372
354
236
156
183
82
280
-1
193
251
151
0
222
113
231
178
269
237
303
61
-1
256
-1
-1
314
118
203
152
195
-1
87
252
-1
158
352
209
227
240
-1
341
276
260
160
111
151
121
-1
184
157
-1
159
-1
250
-1
318
189
196
349
-1
235
254
-1
234
233
232
92
-1
176
295
-1
-1
-1
79
-1
185
133
133
67
-1
167
195
250
464
-1
408
98
99
52
87
-1
210
234
107
240
133
202
322
226
155
107
260
302
174
69
66
281
245
196
83
77
303
63
214
0
225
175
230
251
511
81
153
190
368
90
181
-1
230
135
145
307
281
179
-1
93
120
-1
-1
339
57
112
106
60
155
122
111
161
233
294
128
303
521
-1
111
260
65
240
301
140
314
389
-1
157
-1
144
45
154
-1
202
-1
225
-1
332
-1
-1
-1
-1
-1
121
97
-1
136
30
-1
-1
-1
-1
-1
-1
-1
144
-1
-1
-1
-1
-1
-1
128
-1
-1
-1
-1
95
-1
-1
-1
103
-1
-1
-1
-1
-1
-1
101
113
-1
0
-1
161
-1
-1
-1
146
-1
-1
-1
-1
-1
65
-1
-1
-1
-1
120
-1
-1
105
-1
-1
-1
-1
-1
-1
-1
-1
107
58
-1
68
-1
-1
-1
-1
-1
-1
-1
-1
-1
76
143
-1
-1
-1
-1
-1
-1
180
-1
-1
-1
-1
-1
-1
-1
-1
141
240
234
148
105
81
274
45
148
252
261
355
240
369
365
22
3
377
254
213
159
246
-1
316
-1
64
58
81
304
168
193
5
154
228
232
-1
258
136
198
85
-1
175
-1
0
125
271
279
149
350
244
287
419
328
253
469
424
373
348
270
324
319
268
73
100
-1
225
461
-1
209
115
171
71
199
375
376
192
342
261
318
252
356
317
240
157
-1
35
195
250
277
93
-1
232
148
71
326
307
410
245
192
219
-1
-1
296
230
23
-1
64
166
151
444
204
234
262
178
300
177
138
128
181
194
134
182
121
-1
346
114
207
183
173
176
404
214
130
-1
159
255
180
285
219
73
138
-1
176
561
125
0
250
218
167
380
174
335
278
187
162
206
346
231
223
201
354
96
-1
56
221
-1
248
143
-1
192
170
46
54
-1
197
406
67
230
219
-1
410
-1
98
303
178
485
90
126
159
216
148
-1
-1
131
126
233
159
149
327
419
102
-1
159
117
66
104
204
337
21
40
-1
197
68
144
42
463
19
72
8
98
140
151
109
115
406
415
-1
25
-1
380
20
103
283
385
171
228
149
11
35
-1
254
188
259
449
-1
398
127
0
21
241
-1
-1
69
28
98
319
-1
-1
-1
130
270
-1
257
-1
329
290
158
317
-1
-1
145
443
227
327
-1
156
-1
248
123
353
125
-1
-1
255
-1
247
-1
363
195
143
23
421
19
-1
404
333
227
77
311
26
-1
171
-1
-1
386
45
-1
-1
-1
42
-1
-1
266
47
-1
63
-1
40
93
29
119
161
172
194
136
-1
-1
94
4
-1
401
41
124
304
-1
-1
249
170
32
56
-1
275
209
-1
-1
-1
-1
294
21
0
262
-1
-1
90
49
119
340
-1
-1
-1
151
291
-1
278
-1
-1
311
-1
338
-1
-1
-1
-1
248
-1
-1
177
-1
269
144
-1
-1
-1
-1
276
-1
268
-1
390
216
249
2
-1
-1
-1
-1
354
-1
98
351
47
-1
192
-1
315
184
198
191
260
236
246
272
272
103
202
206
88
542
156
29
42
149
105
64
10
120
-1
167
194
203
-1
231
131
16
134
144
258
79
83
243
277
340
153
60
165
117
302
149
172
232
210
0
208
95
163
270
179
101
185
282
231
202
121
182
176
441
228
49
245
76
319
-1
364
57
126
173
300
192
234
147
225
112
259
103
529
178
413
98
-1
137
46
98
208
195
251
-1
303
173
133
158
229
258
40
70
-1
298
229
205
216
118
94
245
133
116
123
239
182
212
258
189
179
114
-1
165
270
140
257
-1
34
297
294
182
256
151
146
203
353
141
295
143
335
205
104
209
90
61
153
146
117
228
122
-1
150
0
155
223
198
268
231
151
162
213
284
337
26
289
157
102
199
270
150
150
-1
284
93
182
209
144
188
78
203
155
186
-1
-1
245
287
-1
233
182
173
196
228
248
231
-1
-1
190
209
153
247
237
223
116
238
-1
-1
-1
145
-1
-1
-1
-1
23
163
32
-1
135
254
-1
99
-1
-1
-1
34
129
-1
135
-1
117
160
-1
-1
-1
98
-1
72
-1
-1
187
12
-1
174
-1
266
326
-1
-1
-1
-1
280
161
-1
95
-1
0
92
167
76
-1
128
-1
-1
145
92
-1
289
-1
-1
-1
-1
19
-1
-1
-1
-1
234
-1
-1
-1
221
255
-1
55
-1
-1
-1
291
-1
102
-1
-1
154
235
-1
-1
-1
-1
-1
188
106
97
190
-1
-1
178
-1
-1
-1
53
-1
-1
-1
90
145
173
100
137
188
111
-1
88
141
77
-1
102
-1
109
184
-1
148
142
105
-1
207
89
172
140
164
-1
-1
80
80
104
-1
183
101
-1
-1
221
80
-1
69
90
163
-1
92
0
97
144
-1
138
237
186
61
160
-1
206
-1
-1
-1
-1
87
113
-1
-1
-1
210
-1
-1
225
231
189
192
123
-1
-1
-1
-1
-1
170
145
292
222
-1
92
-1
-1
-1
-1
256
174
146
258
95
79
266
-1
-1
286
84
415
510
142
124
176
75
38
422
562
32
22
9
62
84
35
118
144
110
150
477
115
72
236
-1
31
10
-1
156
79
148
299
96
205
7
143
113
438
158
580
105
221
392
28
-1
91
211
108
118
0
91
462
40
206
155
57
191
185
396
673
271
-1
-1
89
67
-1
614
520
346
446
103
497
113
367
530
53
-1
-1
761
398
25
186
-1
440
266
347
-1
498
-1
-1
69
404
190
67
449
627
-1
108
-1
247
143
154
130
230
212
194
85
145
84
166
227
102
413
79
132
154
105
42
53
180
59
356
169
142
145
-1
330
80
613
124
149
197
100
64
-1
95
213
282
178
228
184
175
157
153
98
149
147
-1
76
144
88
0
371
110
276
225
127
100
-1
305
-1
214
-1
184
71
137
-1
200
429
255
355
173
406
183
113
439
107
-1
-1
-1
307
-1
154
222
349
175
256
147
380
-1
-1
139
313
158
21
358
536
156
178
-1
420
282
221
290
-1
145
285
271
397
252
307
273
169
389
192
130
123
172
228
133
91
225
332
272
130
300
-1
306
280
97
239
245
264
184
184
275
330
155
89
141
314
198
-1
250
267
264
285
101
231
262
330
277
186
0
310
-1
329
327
226
280
66
291
323
150
-1
177
-1
-1
459
138
221
254
-1
163
332
95
196
213
286
208
-1
64
263
203
-1
218
147
179
315
276
-1
-1
243
254
249
207
165
290
121
175
-1
121
145
191
175
126
102
144
141
35
58
211
356
376
-1
31
285
206
379
-1
332
415
246
-1
135
92
273
204
371
30
-1
412
328
108
223
116
-1
-1
145
133
106
118
174
65
323
198
207
-1
185
171
-1
138
-1
-1
-1
0
243
192
77
399
143
-1
-1
110
-1
229
109
280
-1
390
368
244
252
63
-1
73
265
-1
73
-1
199
-1
-1
-1
376
141
288
324
357
275
346
-1
186
198
324
-1
-1
-1
-1
-1
300
-1
270
118
177
289
258
76
217
273
301
226
261
215
220
212
197
144
96
-1
-1
237
183
218
373
108
260
132
136
347
198
311
414
161
95
252
256
-1
371
58
278
72
223
196
331
166
210
168
136
173
162
-1
230
206
277
333
228
0
51
245
294
116
271
111
226
222
-1
249
134
-1
212
75
164
228
329
170
240
185
137
170
-1
172
199
269
-1
271
-1
264
219
406
134
322
-1
-1
151
300
-1
255
-1
234
-1
220
-1
214
67
126
238
207
152
-1
222
155
225
430
164
169
318
146
93
124
210
227
330
132
167
322
57
-1
81
242
296
147
-1
265
110
201
208
205
251
320
109
227
148
238
145
185
115
231
117
85
122
91
217
285
155
225
-1
190
51
0
-1
-1
65
-1
217
175
171
-1
198
88
-1
161
151
240
177
183
246
117
221
213
119
-1
121
305
-1
-1
295
192
213
168
355
83
271
-1
279
100
249
193
204
-1
310
126
298
-1
-1
-1
114
-1
-1
-1
151
-1
-1
75
198
249
225
-1
48
253
138
-1
163
338
234
252
-1
246
109
166
-1
268
47
233
201
225
-1
-1
141
141
-1
-1
244
318
-1
-1
-1
-1
317
130
151
224
-1
153
61
-1
-1
333
77
-1
247
0
-1
-1
267
-1
-1
273
-1
148
-1
-1
-1
-1
271
-1
-1
286
-1
250
253
90
-1
-1
-1
269
-1
231
-1
353
270
-1
153
-1
-1
-1
-1
317
235
-1
319
156
-1
327
-1
194
95
227
108
319
140
267
101
362
360
231
127
175
269
198
150
176
178
58
93
131
149
256
105
450
235
-1
230
388
324
163
265
334
108
80
130
254
261
182
247
422
337
535
146
201
270
272
121
230
124
280
191
100
-1
418
-1
162
435
0
113
-1
430
196
170
321
197
374
-1
306
250
155
285
533
449
256
176
312
167
288
132
-1
-1
272
127
611
249
75
156
237
280
-1
-1
362
213
390
121
474
-1
-1
99
-1
180
247
420
234
234
120
289
332
90
149
270
208
340
284
176
211
140
-1
-1
296
166
283
-1
8
237
375
208
282
175
355
-1
434
167
321
169
-1
-1
130
235
116
87
179
-1
234
254
304
379
330
26
-1
-1
-1
-1
-1
145
188
294
222
342
0
-1
183
237
-1
288
254
206
-1
-1
119
208
235
212
214
52
229
181
218
-1
-1
271
313
-1
321
-1
199
288
321
377
257
-1
245
312
235
179
-1
263
278
-1
264
-1
327
244
234
119
184
160
116
199
227
154
238
212
182
-1
127
232
254
165
-1
71
157
83
-1
212
64
169
410
294
126
308
218
-1
340
124
210
-1
-1
366
23
142
252
272
398
221
96
198
279
176
-1
-1
287
188
124
66
156
-1
378
173
205
-1
0
-1
152
-1
-1
205
290
-1
288
266
50
150
-1
101
-1
29
134
169
295
148
-1
2
-1
182
322
186
89
163
277
244
-1
-1
227
222
183
121
99
231
256
106
-1
-1
-1
278
-1
145
221
-1
260
288
-1
-1
-1
-1
101
198
145
186
-1
303
425
200
-1
181
-1
-1
-1
-1
184
-1
-1
391
162
159
440
445
289
116
53
-1
156
-1
93
-1
268
323
348
-1
174
-1
283
-1
-1
-1
-1
-1
-1
238
-1
482
-1
-1
0
213
-1
-1
-1
150
115
199
153
-1
215
-1
-1
-1
-1
-1
-1
-1
-1
88
-1
158
355
-1
233
407
-1
-1
291
345
-1
138
269
-1
-1
-1
-1
-1
431
-1
214
92
215
79
179
8
-1
95
-1
172
115
373
234
-1
135
82
76
284
272
190
165
150
-1
232
-1
137
131
121
336
171
196
78
146
245
250
-1
203
163
129
121
-1
120
-1
73
56
274
-1
111
-1
262
330
-1
243
256
-1
221
175
-1
287
-1
322
213
0
173
133
257
87
-1
136
118
102
2
-1
378
-1
123
345
293
-1
269
-1
259
185
160
-1
38
182
215
-1
96
-1
-1
75
74
344
324
428
248
195
158
-1
-1
233
247
244
-1
-1
-1
167
-1
152
251
-1
195
-1
205
78
294
198
154
113
59
250
-1
223
243
336
-1
280
204
344
183
95
-1
128
132
-1
-1
-1
202
267
-1
409
-1
304
221
290
298
49
-1
144
212
-1
-1
-1
234
331
280
251
170
231
225
-1
-1
0
-1
125
368
-1
-1
349
175
275
-1
-1
-1
196
-1
161
308
287
-1
-1
-1
147
-1
269
95
176
-1
327
-1
-1
-1
233
226
288
278
-1
-1
119
-1
166
67
-1
54
154
-1
-1
-1
-1
147
90
99
-1
-1
-1
-1
-1
-1
-1
-1
-1
125
-1
77
-1
-1
-1
-1
-1
-1
-1
-1
121
-1
-1
-1
-1
-1
-1
-1
-1
-1
-1
-1
77
-1
-1
-1
-1
-1
-1
-1
-1
-1
-1
-1
-1
-1
162
-1
-1
-1
-1
-1
0
-1
-1
-1
-1
-1
-1
-1
-1
-1
-1
-1
-1
-1
-1
-1
-1
-1
-1
-1
-1
-1
-1
-1
-1
-1
-1
-1
-1
-1
-1
-1
-1
-1
-1
-1
-1
-1
-1
-1
-1
-1
-1
-1
-1
-1
419
278
418
164
-1
-1
105
118
-1
-1
140
86
277
-1
98
270
-1
-1
307
79
92
210
-1
-1
155
7
-1
-1
-1
229
136
-1
193
-1
331
248
-1
-1
76
-1
-1
-1
-1
-1
177
-1
-1
-1
-1
197
-1
252
-1
334
125
-1
0
-1
-1
-1
133
202
332
-1
-1
-1
223
-1
36
-1
-1
-1
-1
-1
174
-1
213
122
174
-1
354
-1
-1
-1
260
389
-1
305
-1
116
146
-1
219
179
126
166
119
95
166
134
162
259
202
164
178
-1
58
5
36
181
177
277
44
167
-1
107
-1
81
154
208
227
-1
283
22
113
208
169
163
-1
76
216
60
245
57
180
27
143
44
85
34
-1
157
179
317
226
-1
197
134
88
-1
-1
252
-1
129
87
83
220
110
0
-1
73
205
189
89
190
348
200
210
-1
-1
-1
-1
-1
-1
-1
247
104
125
80
-1
83
183
-1
-1
12
161
289
205
373
-1
38
245
-1
-1
-1
-1
158
58
82
-1
-1
-1
-1
-1
-1
-1
14
-1
-1
-1
-1
-1
-1
-1
-1
94
-1
-1
-1
-1
97
-1
-1
-1
-1
125
-1
-1
-1
29
-1
-1
-1
-1
-1
-1
-1
-1
-1
-1
-1
-1
-1
-1
-1
-1
-1
-1
-1
-1
-1
-1
-1
-1
115
-1
-1
-1
-1
-1
0
-1
-1
-1
-1
-1
-1
-1
-1
-1
-1
-1
-1
27
-1
-1
-1
-1
-1
-1
-1
-1
-1
-1
-1
-1
-1
-1
-1
-1
-1
-1
-1
-1
172
212
79
199
168
144
119
183
211
239
163
180
131
340
154
68
170
134
274
228
202
338
283
241
331
124
267
257
-1
256
319
214
-1
264
296
260
281
345
290
148
-1
106
314
173
192
145
124
277
-1
254
132
407
281
361
-1
-1
-1
-1
306
-1
299
-1
136
-1
-1
-1
206
354
0
254
263
138
-1
396
-1
284
-1
-1
193
-1
353
297
-1
283
238
174
231
238
122
232
-1
-1
61
210
209
337
293
333
172
207
-1
484
385
494
193
652
7
-1
213
695
190
410
417
354
-1
382
329
27
526
387
272
47
328
-1
375
-1
414
-1
163
480
242
238
346
768
287
292
-1
-1
17
361
3
778
60
590
115
170
191
457
300
93
-1
-1
478
387
-1
730
483
432
-1
329
383
-1
-1
118
349
-1
376
334
-1
593
0
95
116
723
101
733
355
68
437
467
311
-1
200
-1
202
514
80
254
335
-1
138
-1
-1
193
116
-1
366
-1
165
448
278
-1
277
211
160
224
324
96
120
387
-1
217
188
181
132
-1
155
155
116
135
213
88
136
75
-1
201
68
229
-1
235
130
331
168
270
291
113
222
-1
-1
106
27
92
-1
394
-1
289
46
141
229
126
182
-1
237
-1
-1
116
-1
309
258
-1
155
209
50
-1
292
175
278
202
346
-1
263
95
0
290
-1
151
-1
21
157
263
194
137
-1
52
-1
132
-1
254
80
113
227
312
-1
-1
367
218
187
-1
103
254
-1
56
-1
212
311
305
361
-1
10
-1
97
-1
268
366
371
241
-1
461
84
74
417
140
228
163
365
-1
-1
524
135
129
119
296
169
194
76
225
243
132
126
-1
133
317
119
330
122
-1
71
54
307
413
173
209
120
328
470
424
254
492
265
316
509
285
-1
318
260
2
171
-1
255
283
-1
138
116
211
0
-1
217
-1
311
184
505
423
-1
-1
316
-1
158
-1
36
210
251
-1
94
-1
-1
77
72
298
403
426
281
193
234
-1
58
125
151
112
112
95
-1
-1
28
205
148
-1
-1
156
-1
163
-1
-1
-1
-1
-1
183
-1
-1
-1
-1
141
-1
-1
-1
-1
-1
45
-1
-1
-1
194
82
-1
-1
111
111
58
-1
135
-1
-1
-1
-1
-1
-1
-1
-1
-1
63
-1
-1
-1
-1
118
-1
204
231
-1
166
-1
-1
-1
217
171
-1
-1
0
-1
66
-1
-1
-1
-1
-1
292
-1
176
-1
-1
-1
-1
-1
-1
-1
-1
123
156
-1
-1
-1
-1
-1
-1
-1
-1
-1
203
213
182
-1
102
-1
314
-1
89
300
148
220
266
118
163
122
223
319
168
148
260
-1
193
179
302
190
264
117
207
274
-1
149
219
109
-1
-1
112
124
98
151
161
266
125
236
130
-1
232
188
-1
-1
206
221
163
147
170
221
164
261
201
101
165
219
-1
-1
291
158
-1
355
101
190
217
-1
0
-1
211
33
160
-1
243
253
99
-1
238
190
181
186
267
-1
239
-1
-1
294
217
119
255
203
130
124
210
-1
232
70
325
244
196
105
-1
211
38
151
-1
-1
147
-1
124
177
131
-1
193
-1
218
220
-1
60
185
-1
260
298
123
-1
231
-1
111
148
171
-1
-1
182
-1
168
121
231
68
286
341
143
-1
254
78
183
251
133
203
-1
73
240
117
170
-1
52
-1
235
180
-1
-1
178
258
-1
329
171
260
287
66
240
0
-1
233
122
-1
124
-1
-1
-1
261
144
251
-1
-1
-1
309
-1
297
268
287
181
182
-1
330
-1
-1
-1
298
271
205
90
-1
317
99
278
-1
137
209
195
153
-1
110
176
296
156
155
100
157
54
-1
214
47
140
-1
256
109
302
189
-1
-1
95
195
307
-1
-1
6
113
-1
-1
-1
310
67
248
250
147
-1
255
258
204
113
95
139
-1
-1
156
176
-1
29
-1
373
196
-1
188
-1
-1
284
355
21
121
-1
130
-1
0
-1
152
266
-1
-1
31
-1
153
-1
275
101
134
248
333
-1
-1
-1
239
166
92
82
-1
-1
77
-1
297
274
184
215
-1
-1
144
396
-1
122
267
242
165
-1
142
195
131
221
383
201
180
245
-1
-1
196
159
-1
374
143
174
307
218
-1
252
142
134
-1
-1
157
65
184
287
-1
223
335
123
144
190
-1
373
192
151
254
196
-1
-1
240
253
294
-1
134
-1
-1
239
-1
266
-1
-1
283
227
289
343
-1
33
-1
299
0
-1
324
-1
-1
132
-1
271
-1
307
219
268
161
365
-1
-1
-1
343
152
200
-1
97
210
243
-1
171
72
252
85
-1
-1
157
78
108
63
314
104
200
-1
44
141
133
203
65
176
122
-1
-1
62
105
200
-1
343
43
128
103
-1
-1
150
43
-1
-1
228
146
-1
-1
-1
-1
367
-1
295
-1
112
-1
55
123
-1
-1
213
73
170
119
90
167
70
-1
-1
-1
161
-1
36
207
-1
331
169
238
368
-1
-1
166
259
-1
0
262
126
-1
277
-1
133
-1
332
158
210
295
390
-1
-1
-1
296
137
-1
221
-1
152
182
-1
-1
137
114
93
-1
-1
-1
-1
-1
164
57
105
62
-1
85
-1
-1
59
-1
153
140
-1
-1
-1
-1
188
-1
-1
-1
150
-1
-1
-1
-1
228
-1
-1
-1
-1
-1
-1
-1
-1
-1
-1
157
104
-1
-1
-1
-1
-1
-1
-1
-1
-1
-1
-1
-1
-1
-1
-1
-1
-1
-1
-1
-1
-1
-1
-1
194
-1
-1
-1
-1
215
-1
-1
0
-1
-1
-1
-1
-1
-1
-1
162
132
-1
-1
-1
-1
-1
-1
134
-1
218
-1
-1
138
-1
-1
-1
-1
-1
-1
-1
-1
-1
-1
-1
213
-1
157
-1
-1
-1
-1
-1
-1
75
226
65
-1
64
-1
-1
-1
212
-1
-1
145
-1
-1
24
199
-1
-1
-1
-1
229
-1
-1
-1
266
183
-1
-1
103
-1
-1
-1
-1
-1
-1
-1
-1
-1
-1
132
-1
-1
-1
-1
-1
-1
-1
-1
-1
-1
311
137
267
-1
-1
-1
158
-1
-1
-1
0
-1
-1
-1
109
-1
231
57
138
-1
289
-1
-1
-1
195
-1
-1
-1
-1
-1
81
-1
459
-1
366
-1
346
322
406
361
389
-1
450
-1
418
13
286
233
457
-1
-1
-1
-1
-1
-1
-1
-1
411
-1
-1
-1
-1
-1
250
247
-1
-1
471
264
141
-1
326
-1
181
-1
-1
-1
460
411
262
-1
-1
419
-1
-1
-1
-1
-1
-1
-1
-1
-1
-1
88
301
-1
-1
-1
238
-1
287
241
-1
-1
-1
-1
-1
-1
-1
-1
-1
-1
0
-1
246
-1
-1
-1
-1
-1
409
-1
-1
-1
226
-1
-1
-1
-1
486
-1
-1
-1
420
-1
218
226
-1
253
367
264
-1
188
243
209
166
-1
189
-1
187
163
251
69
155
-1
-1
-1
66
-1
-1
242
-1
161
175
-1
-1
120
229
-1
-1
263
25
249
-1
-1
-1
296
203
261
290
133
339
241
309
-1
122
64
-1
-1
-1
-1
162
-1
2
-1
299
-1
-1
236
-1
-1
406
202
157
257
-1
99
-1
31
132
-1
222
-1
-1
0
-1
139
-1
261
87
168
370
319
-1
-1
-1
225
185
-1
101
-1
185
111
-1
343
410
250
-1
230
206
290
245
273
-1
334
378
302
33
170
117
341
339
-1
245
-1
381
68
-1
-1
295
289
42
-1
-1
109
134
131
260
169
-1
18
211
-1
210
-1
65
-1
123
-1
331
295
146
-1
-1
303
25
298
-1
-1
269
376
-1
302
-1
-1
158
185
-1
-1
-1
122
-1
171
125
307
161
-1
-1
-1
328
-1
-1
-1
-1
246
314
0
145
-1
125
227
308
293
92
-1
-1
110
89
407
-1
-1
-1
-1
251
-1
-1
222
204
197
427
403
-1
125
427
110
208
201
152
456
175
314
253
155
112
70
221
126
-1
173
385
212
486
133
138
227
36
-1
328
85
90
-1
-1
408
159
205
172
262
397
157
178
247
255
98
-1
102
170
-1
185
312
-1
466
-1
-1
127
-1
300
355
160
-1
-1
97
289
-1
368
202
132
158
-1
199
-1
153
232
133
214
109
443
298
327
0
321
122
52
133
-1
180
-1
-1
307
86
140
164
268
-1
251
76
-1
-1
-1
-1
-1
197
173
-1
212
106
-1
-1
-1
-1
-1
-1
-1
68
-1
-1
-1
-1
-1
-1
-1
-1
-1
-1
-1
-1
-1
-1
-1
-1
-1
-1
-1
-1
-1
-1
177
189
-1
76
-1
-1
-1
-1
-1
-1
-1
-1
-1
-1
-1
141
-1
-1
-1
-1
-1
-1
-1
181
-1
-1
-1
-1
-1
-1
-1
-1
-1
134
-1
144
-1
-1
-1
-1
-1
-1
-1
-1
-1
0
-1
-1
-1
-1
-1
-1
-1
269
-1
-1
-1
-1
-1
-1
-1
-1
478
379
129
366
466
119
67
80
-1
459
330
411
141
122
65
79
38
286
123
192
70
248
109
109
-1
82
93
83
487
149
150
40
433
207
115
57
107
150
281
62
521
140
-1
35
389
46
67
220
-1
103
115
114
245
325
-1
213
162
176
249
-1
263
-1
175
-1
420
-1
74
-1
-1
80
254
36
-1
360
-1
275
169
-1
387
231
-1
261
125
122
106
0
174
255
97
58
65
-1
-1
36
440
266
573
72
40
198
-1
-1
170
152
226
200
176
200
177
243
162
156
158
100
-1
123
75
88
103
133
18
56
74
-1
220
148
241
-1
185
201
62
88
190
-1
33
129
-1
-1
186
107
172
-1
-1
-1
-1
126
195
-1
46
262
154
222
-1
71
147
-1
-1
-1
-1
75
-1
130
-1
184
95
-1
122
-1
-1
-1
103
80
-1
-1
231
-1
101
237
158
171
57
-1
87
-1
52
-1
174
0
81
-1
-1
-1
-1
272
138
236
193
183
334
86
24
-1
223
124
159
111
211
-1
199
168
-1
204
75
156
133
-1
156
209
120
136
214
99
88
182
-1
134
181
204
181
204
157
94
454
128
178
114
292
-1
172
-1
140
144
-1
-1
264
123
134
128
122
98
-1
406
212
165
235
179
-1
-1
191
273
156
142
163
-1
-1
-1
165
401
156
-1
238
135
113
188
-1
-1
-1
134
-1
196
132
198
-1
243
-1
133
188
158
81
0
202
-1
-1
-1
-1
-1
300
214
216
-1
118
57
-1
-1
402
43
389
489
-1
72
-1
-1
296
49
85
146
-1
70
-1
59
149
-1
264
91
88
-1
130
-1
2
-1
-1
228
154
-1
61
456
279
200
62
-1
-1
486
83
358
-1
-1
62
412
23
2
292
-1
-1
120
-1
-1
-1
-1
-1
83
181
321
-1
-1
-1
-1
-1
443
-1
95
-1
-1
-1
278
-1
-1
207
-1
299
174
-1
-1
-1
-1
306
-1
298
127
-1
246
279
0
-1
-1
-1
-1
-1
326
-1
410
77
61
222
-1
-1
-1
187
-1
128
104
-1
138
171
-1
284
-1
263
-1
171
137
96
-1
-1
-1
185
-1
-1
167
-1
301
151
50
-1
191
216
98
264
-1
270
-1
-1
208
-1
108
-1
198
-1
93
148
104
-1
195
-1
-1
-1
-1
-1
276
-1
271
220
-1
-1
-1
-1
291
96
244
-1
271
132
-1
232
138
-1
94
-1
398
-1
-1
365
307
-1
-1
-1
-1
263
180
164
58
232
273
-1
0
-1
-1
171
94
-1
-1
-1
268
98
-1
-1
-1
-1
-1
-1
100
76
-1
37
143
-1
-1
-1
-1
-1
-1
-1
-1
-1
80
-1
-1
-1
-1
-1
-1
-1
-1
-1
-1
-1
-1
-1
-1
-1
-1
8
-1
-1
-1
80
-1
-1
-1
82
-1
19
-1
-1
-1
60
-1
-1
-1
-1
-1
-1
-1
-1
-1
-1
-1
-1
84
-1
-1
-1
-1
-1
-1
-1
-1
-1
-1
-1
-1
-1
-1
-1
-1
-1
-1
-1
-1
-1
-1
-1
-1
-1
-1
-1
0
-1
172
-1
-1
-1
-1
-1
-1
-1
-1
91
158
184
145
145
-1
-1
277
151
238
181
190
-1
396
267
-1
235
-1
-1
-1
-1
216
339
168
328
302
174
313
266
274
380
237
78
257
258
-1
337
115
-1
-1
300
144
-1
232
168
-1
228
-1
-1
-1
-1
-1
275
-1
296
-1
-1
313
253
-1
-1
-1
-1
-1
199
-1
-1
-1
-1
-1
-1
-1
123
327
-1
270
-1
309
238
-1
-1
-1
-1
-1
-1
267
-1
256
-1
363
-1
0
-1
360
268
254
-1
-1
-1
-1
-1
124
-1
140
178
178
83
180
170
-1
-1
224
-1
192
-1
60
7
231
195
213
-1
263
-1
-1
302
-1
-1
-1
-1
-1
-1
-1
24
111
-1
-1
199
-1
148
-1
255
-1
45
375
215
131
239
-1
36
-1
193
193
-1
-1
-1
-1
-1
-1
-1
-1
-1
-1
138
75
-1
-1
-1
12
-1
61
105
-1
77
156
-1
-1
-1
-1
-1
-1
-1
-1
-1
110
-1
299
113
-1
-1
183
-1
-1
189
0
-1
-1
-1
-1
-1
233
268
-1
-1
-1
-1
-1
106
82
-1
121
149
196
-1
299
-1
130
-1
-1
-1
-1
198
-1
-1
-1
73
-1
-1
-1
-1
47
-1
-1
114
-1
-1
-1
176
-1
71
-1
430
86
-1
-1
-1
71
126
-1
-1
-1
-1
188
256
-1
-1
-1
-1
-1
-1
-1
-1
-1
-1
-1
74
-1
-1
183
-1
144
-1
116
-1
72
-1
-1
-1
-1
-1
-1
-1
-1
143
-1
-1
86
-1
36
138
-1
-1
94
-1
-1
149
0
270
-1
354
-1
-1
-1
-1
-1
-1
-1
123
192
168
-1
129
235
30
-1
29
-1
304
-1
-1
-1
-1
116
-1
-1
-1
247
-1
201
-1
-1
221
58
-1
154
-1
-1
-1
50
158
245
-1
160
172
92
-1
-1
174
-1
169
-1
-1
-1
106
174
-1
-1
-1
-1
-1
-1
-1
-1
-1
183
-1
176
-1
-1
101
-1
-1
-1
-1
-1
-1
-1
119
-1
166
-1
-1
-1
-1
-1
-1
-1
184
-1
329
-1
-1
-1
271
166
-1
264
268
0
-1
84
-1
-1
-1
-1
226
-1
133
198
-1
-1
173
106
-1
105
217
-1
81
-1
58
111
133
84
63
74
159
38
-1
-1
-1
-1
-1
-1
59
-1
145
-1
-1
-1
85
-1
-1
-1
-1
-1
167
-1
-1
-1
-1
77
-1
-1
-1
97
165
67
21
-1
-1
-1
-1
-1
121
-1
-1
-1
-1
-1
-1
92
-1
-1
212
-1
213
-1
-1
194
-1
234
-1
-1
-1
-1
-1
-1
-1
175
-1
-1
181
214
176
-1
-1
-1
-1
-1
135
0
-1
-1
-1
157
-1
-1
145
-1
207
307
252
169
213
-1
114
243
113
348
388
272
-1
261
159
200
-1
-1
278
331
-1
117
196
-1
305
142
-1
238
-1
274
-1
134
242
329
-1
76
-1
176
-1
-1
258
230
253
274
-1
-1
190
258
-1
-1
-1
-1
-1
-1
-1
-1
-1
99
-1
308
-1
261
185
-1
-1
-1
-1
-1
-1
-1
203
-1
82
-1
-1
-1
-1
-1
-1
-1
268
-1
-1
-1
-1
304
355
250
-1
-1
352
84
-1
0
279
-1
-1
-1
218
-1
87
-1
-1
-1
47
82
-1
219
94
-1
68
201
45
98
34
-1
-1
-1
66
-1
144
105
99
62
95
118
46
72
185
42
-1
-1
175
37
142
-1
-1
58
-1
-1
178
37
-1
26
47
76
-1
-1
95
54
-1
157
-1
-1
-1
156
-1
-1
-1
-1
-1
-1
-1
-1
70
-1
204
113
-1
-1
-1
130
-1
-1
97
-1
-1
-1
-1
229
-1
-1
102
72
-1
154
49
168
-1
-1
-1
165
-1
103
-1
0
36
-1
-1
-1
-1
93
-1
-1
-1
-1
-1
-1
-1
-1
-1
100
-1
77
130
2
111
-1
-1
30
-1
-1
73
-1
-1
-1
-1
78
36
-1
-1
-1
-1
-1
-1
-1
-1
-1
26
-1
-1
-1
5
-1
10
-1
40
-1
-1
-1
86
-1
121
-1
-1
-1
-1
-1
-1
-1
-1
-1
-1
-1
-1
38
-1
-1
77
-1
-1
-1
-1
-1
-1
-1
-1
-1
-1
-1
-1
-1
-1
70
-1
-1
118
-1
-1
-1
-1
-1
-1
-1
135
-1
-1
0
184
-1
-1
138
216
125
225
249
176
201
-1
186
132
-1
76
269
-1
99
-1
-1
157
42
80
131
235
-1
124
-1
-1
209
186
86
112
214
192
57
153
-1
233
-1
83
148
-1
-1
-1
290
102
-1
179
70
-1
178
246
-1
-1
171
-1
-1
-1
-1
99
-1
106
-1
-1
119
179
146
-1
-1
-1
127
56
156
-1
-1
-1
77
-1
182
189
-1
-1
108
-1
76
-1
198
24
57
-1
259
-1
-1
-1
162
260
-1
159
-1
110
0
