100
0
93
93
80
80
68
117
107
86
144
116
125
138
124
115
113
88
141
150
188
114
151
181
103
169
121
83
155
116
120
202
96
13
191
142
107
131
50
176
64
169
79
116
91
103
96
117
124
137
130
146
124
192
205
121
108
159
163
188
111
199
103
76
173
134
149
118
138
172
67
149
78
58
162
124
170
129
159
173
167
137
201
144
222
156
114
170
191
119
172
115
91
120
150
154
173
238
122
90
194
-1
93
0
133
13
113
100
110
129
108
91
49
32
81
135
104
106
81
78
133
149
113
84
170
10
150
100
142
144
105
119
171
89
80
98
111
100
120
117
109
104
105
146
138
84
36
89
96
123
44
123
158
113
143
198
135
118
67
152
95
18
132
170
92
172
67
108
111
149
174
107
82
90
125
180
70
103
169
72
106
74
148
134
138
183
149
119
131
124
98
177
108
158
113
155
61
122
145
115
83
138
-1
93
133
0
120
121
97
40
101
141
104
84
101
52
106
75
94
69
55
144
149
101
131
141
140
92
45
130
115
76
107
182
77
106
172
124
72
91
107
133
93
166
146
171
72
143
61
45
111
174
124
53
84
154
192
106
165
126
114
202
148
156
160
105
160
174
131
99
120
79
96
160
107
151
191
179
139
158
119
114
196
119
158
109
204
137
107
152
159
43
165
80
184
101
143
130
133
209
87
71
128
-1
80
13
120
0
100
87
123
126
121
93
36
45
94
144
117
119
94
91
135
157
126
71
183
23
137
87
155
157
118
129
173
102
67
111
113
113
133
104
96
91
118
133
151
97
23
102
83
136
57
125
171
126
130
185
148
131
80
165
108
31
119
157
79
185
54
120
124
158
187
94
69
77
112
182
83
90
156
85
93
87
157
121
151
196
162
113
144
111
85
171
121
145
126
149
74
109
158
128
96
125
-1
80
113
121
100
0
24
81
63
91
104
128
145
98
44
75
77
52
101
106
152
78
171
109
123
133
85
113
83
76
84
150
60
67
167
98
71
59
42
147
28
166
91
121
55
88
60
81
88
118
86
129
66
148
169
106
100
151
123
164
131
170
95
32
137
154
105
82
58
145
31
120
34
112
126
129
141
93
119
160
187
57
172
77
186
120
70
134
166
83
128
79
145
84
106
134
133
218
86
54
158
-1
68
100
97
87
24
0
57
39
67
84
104
127
78
68
55
53
28
81
82
128
54
147
121
99
109
61
89
95
56
60
134
36
55
143
74
47
71
18
123
4
146
67
97
31
64
36
57
64
94
62
105
64
124
145
86
76
127
103
140
107
146
71
8
113
141
81
58
82
121
7
96
10
95
102
105
117
69
99
140
163
81
148
89
162
96
46
110
142
59
104
55
133
60
82
114
113
198
62
30
134
-1
117
110
40
123
81
57
0
61
106
69
89
112
63
71
40
54
29
66
104
135
61
132
106
100
52
46
90
80
41
67
147
37
104
150
89
32
56
67
93
53
131
106
136
32
121
21
42
71
134
84
90
49
119
152
71
125
127
88
162
108
116
120
65
120
177
96
59
85
119
56
120
67
134
151
144
99
118
84
125
164
84
118
74
169
97
67
117
149
44
125
40
182
61
103
99
98
169
47
31
139
-1
107
129
101
126
63
39
61
0
106
55
108
114
82
90
59
67
48
85
43
138
80
144
125
119
113
65
103
99
60
86
95
50
94
169
35
29
75
57
154
43
117
106
136
45
103
40
61
90
133
23
109
68
85
171
90
115
146
107
101
127
177
110
47
139
180
42
72
104
135
46
135
49
134
141
144
156
108
78
144
183
103
179
93
125
116
80
136
168
63
138
37
172
74
116
85
106
169
66
50
158
-1
86
108
141
121
91
67
106
106
0
93
153
138
89
97
66
118
93
92
135
186
121
162
132
98
127
110
154
106
65
127
173
101
73
186
113
96
82
85
168
71
83
134
30
96
131
85
106
131
116
125
154
75
145
212
35
143
155
112
193
90
191
138
75
180
175
120
123
111
186
74
163
77
28
169
38
174
136
108
151
162
110
193
100
203
106
113
177
209
108
156
104
151
125
149
123
124
207
111
95
165
-1
144
91
104
93
104
84
69
55
93
0
116
59
52
60
29
81
56
55
42
137
88
125
95
101
90
73
117
69
28
94
80
64
131
166
20
59
45
94
131
80
62
128
123
59
116
48
69
98
123
32
100
38
84
179
58
152
154
75
100
109
154
147
92
147
147
27
86
74
149
83
158
94
121
89
131
137
122
63
114
165
73
156
63
110
124
94
144
176
71
119
67
209
88
116
30
87
114
74
58
128
-1
116
49
84
36
128
104
89
108
153
116
0
81
110
118
87
101
76
113
151
173
99
107
153
59
141
51
137
127
88
93
194
84
103
147
136
79
103
114
132
100
154
153
183
79
59
68
47
109
93
131
137
96
166
190
118
167
116
135
144
67
155
167
112
158
90
143
106
132
163
103
105
113
148
198
119
126
165
121
57
123
131
157
121
207
144
114
155
75
49
172
87
181
108
150
110
145
194
94
78
132
-1
125
32
101
45
145
127
112
114
138
59
81
0
49
103
72
124
99
46
101
140
127
116
138
42
135
83
160
112
73
133
139
107
112
130
79
102
88
137
141
123
121
171
168
102
68
91
87
137
76
91
154
81
143
218
103
150
99
120
127
50
164
190
124
186
99
86
129
117
180
126
114
122
157
148
102
135
181
104
105
106
116
166
106
169
167
137
149
156
85
162
110
190
131
159
29
130
113
117
101
125
-1
138
81
52
94
98
78
63
82
89
52
110
49
0
54
23
75
50
3
94
97
78
119
89
91
86
67
111
63
24
84
130
58
125
133
72
53
39
88
127
74
114
122
119
53
117
42
63
88
125
84
105
32
102
169
54
146
148
71
152
99
150
141
86
137
148
79
80
68
131
77
132
88
117
141
127
133
139
67
62
155
67
152
57
152
118
88
100
133
65
113
61
203
82
110
78
81
162
68
52
76
-1
124
135
106
144
44
68
71
90
97
60
118
103
54
0
31
83
58
57
102
151
90
127
65
129
94
75
119
39
32
96
106
66
111
168
80
61
15
86
135
72
122
98
127
61
132
50
71
100
162
92
119
22
110
181
62
144
156
79
160
137
158
101
76
149
198
87
88
14
151
75
162
78
125
149
135
141
137
75
116
192
13
160
33
142
126
96
146
178
73
89
69
189
90
86
90
89
174
76
60
130
-1
115
104
75
117
75
55
40
59
66
29
87
72
23
31
0
52
27
26
71
120
59
96
66
98
63
44
88
40
1
65
107
35
102
137
49
30
16
65
104
51
91
99
96
30
119
19
40
69
132
61
88
9
79
150
31
123
125
48
129
106
127
118
63
118
171
56
57
45
120
54
131
65
94
118
104
110
116
44
85
161
44
129
34
139
95
65
115
147
42
90
38
180
59
87
59
58
143
45
29
99
-1
113
106
94
119
77
53
54
67
118
81
101
124
75
83
52
0
25
78
110
93
39
144
118
96
106
58
80
92
53
45
159
17
100
108
101
44
68
63
147
49
143
52
148
22
117
33
54
29
130
90
102
61
131
130
83
121
93
100
150
104
164
116
61
78
173
105
5
97
68
52
141
63
145
147
156
153
114
96
137
132
96
162
86
127
93
57
75
127
56
115
52
178
7
93
111
110
195
59
27
99
-1
88
81
69
94
52
28
29
48
93
56
76
99
50
58
27
25
0
53
91
106
32
119
93
71
81
33
61
67
28
38
134
8
75
121
76
19
43
38
122
24
118
77
123
3
92
8
29
42
105
71
77
36
106
123
58
96
114
75
149
79
145
91
36
91
148
83
30
72
93
27
116
38
120
122
131
128
89
71
112
135
71
147
61
140
68
38
88
120
31
96
27
153
32
74
86
85
170
34
2
112
-1
141
78
55
91
101
81
66
85
92
55
113
46
3
57
26
78
53
0
97
94
81
122
92
88
89
70
114
66
27
87
133
61
128
136
75
56
42
91
130
77
117
125
122
56
114
45
66
91
122
87
108
35
105
172
57
149
145
74
155
96
153
144
89
140
145
82
83
71
134
80
135
91
120
144
130
136
142
70
59
152
70
155
60
155
121
91
103
136
68
116
64
206
85
113
75
84
159
71
55
79
-1
150
133
144
135
106
82
104
43
135
42
151
101
94
102
71
110
91
97
0
95
115
101
137
127
132
108
146
111
70
121
82
93
137
142
22
72
87
100
161
86
104
149
165
88
146
83
104
105
161
34
102
80
42
206
100
158
184
117
58
135
166
153
90
154
189
29
115
116
178
89
176
92
163
131
173
155
151
65
156
166
115
164
105
112
159
123
113
194
106
161
80
215
117
158
72
63
156
109
93
137
-1
188
149
149
157
152
128
135
138
186
137
173
140
97
151
120
93
106
94
95
0
74
92
186
139
135
139
167
160
121
80
106
110
175
51
117
125
136
138
94
124
199
145
216
109
134
114
135
64
173
129
183
129
53
133
151
196
186
168
93
147
71
191
136
113
211
124
98
165
161
121
88
138
214
168
199
100
189
160
153
75
164
69
154
70
174
144
18
99
137
202
133
253
100
156
167
74
170
140
104
42
-1
114
113
101
126
78
54
61
80
121
88
99
127
78
90
59
39
32
81
115
74
0
130
125
103
113
65
93
99
60
6
144
40
101
89
93
51
75
64
154
50
150
91
151
35
118
40
61
10
137
103
109
68
127
91
90
122
132
107
131
111
145
117
62
59
180
86
44
104
107
47
136
64
146
148
159
157
115
103
140
113
103
143
93
108
100
70
56
88
63
128
59
179
46
106
118
117
202
66
30
80
-1
151
84
131
71
171
147
132
144
162
125
107
116
119
127
96
144
119
122
101
92
130
0
162
94
101
86
180
136
97
136
162
127
138
41
123
122
112
157
60
143
187
195
192
122
94
111
90
120
128
135
180
105
59
149
127
202
151
144
149
102
83
210
150
169
125
130
149
141
210
146
75
148
183
184
154
54
208
140
164
65
140
85
130
126
187
157
74
155
88
186
130
216
151
183
145
38
136
137
121
98
-1
181
170
141
183
109
121
106
125
132
95
153
138
89
65
66
118
93
92
137
186
125
162
0
164
129
110
154
26
67
131
93
101
168
203
115
96
50
131
170
117
157
133
162
96
185
85
106
135
198
127
154
57
145
216
97
189
191
114
195
172
193
166
129
184
237
122
123
79
186
120
197
131
160
184
170
176
182
110
151
227
78
195
68
129
161
109
181
213
108
76
104
246
125
73
125
124
209
111
95
165
-1
103
10
140
23
123
99
100
119
98
101
59
42
91
129
98
96
71
88
127
139
103
94
164
0
152
104
132
138
99
109
165
79
90
88
105
90
114
109
119
95
95
148
128
74
46
79
100
113
34
117
148
107
153
194
129
108
57
146
105
8
142
162
102
162
77
98
101
143
164
98
92
100
126
190
60
113
160
62
116
64
142
144
132
173
139
109
121
134
102
167
98
168
103
145
71
132
155
105
73
145
-1
169
150
92
137
133
109
52
113
127
90
141
135
86
94
63
106
81
89
132
135
113
101
129
152
0
98
142
103
62
119
170
89
156
142
110
84
79
119
41
105
152
158
157
84
114
73
94
123
186
122
142
72
142
130
92
177
179
109
190
160
64
172
117
172
191
117
111
108
171
108
68
119
155
165
165
47
170
105
148
166
107
66
97
200
149
119
148
181
96
153
92
234
113
150
120
121
117
99
83
124
-1
121
100
45
87
85
61
46
65
110
73
51
83
67
75
44
58
33
70
108
139
65
86
110
104
98
0
94
84
45
71
151
41
108
127
93
36
60
71
139
57
135
110
140
36
110
25
4
75
138
88
94
53
123
156
75
129
81
92
166
112
162
124
69
124
141
100
63
89
124
60
149
71
138
155
148
140
122
88
108
151
88
164
78
173
101
71
121
126
2
129
44
186
65
107
103
102
187
51
35
143
-1
83
142
130
155
113
89
90
103
154
117
137
160
111
119
88
80
61
114
146
167
93
180
154
132
142
94
0
128
89
99
195
63
96
182
137
80
104
78
183
85
179
132
184
58
153
69
90
103
166
126
138
97
167
184
119
136
173
136
204
140
206
131
97
152
209
144
85
133
148
88
177
99
141
183
192
189
150
132
173
196
132
208
122
201
129
93
149
181
92
151
88
174
87
129
147
146
231
95
63
173
-1
155
144
115
157
83
95
80
99
106
69
127
112
63
39
40
92
67
66
111
160
99
136
26
138
103
84
128
0
41
105
67
75
142
177
89
70
24
105
144
91
131
107
136
70
159
59
80
109
172
101
128
31
119
190
71
163
165
88
169
146
167
140
103
158
211
96
97
53
160
94
171
105
134
158
144
150
156
84
125
201
52
169
42
103
135
83
155
187
82
50
78
220
99
47
99
98
183
85
69
139
-1
116
105
76
118
76
56
41
60
65
28
88
73
24
32
1
53
28
27
70
121
60
97
67
99
62
45
89
41
0
66
108
36
103
138
48
31
17
66
103
52
90
100
95
31
120
20
41
70
133
60
89
10
80
151
30
124
126
47
128
107
126
119
64
119
172
55
58
46
121
55
130
66
93
117
103
109
117
43
86
162
45
128
35
138
96
66
116
148
43
91
39
181
60
88
58
59
142
46
30
100
-1
120
119
107
129
84
60
67
86
127
94
93
133
84
96
65
45
38
87
121
80
6
136
131
109
119
71
99
105
66
0
150
46
107
95
99
57
81
70
160
56
156
97
157
41
124
46
67
16
143
109
115
74
133
97
96
128
138
113
137
117
151
123
68
65
183
92
50
110
113
53
142
70
152
154
165
163
121
109
146
119
109
149
99
114
106
76
62
94
69
134
65
185
52
112
124
123
208
72
36
86
-1
202
171
182
173
150
134
147
95
173
80
194
139
130
106
107
159
134
133
82
106
144
162
93
165
170
151
195
67
108
150
0
142
189
121
60
124
91
152
195
138
142
174
203
137
196
126
147
134
199
72
140
98
124
235
138
210
222
155
140
173
177
205
142
183
227
67
164
120
227
141
168
144
201
169
211
189
202
103
192
145
119
175
109
36
202
150
88
169
149
117
132
267
166
114
110
145
194
152
136
112
-1
96
89
77
102
60
36
37
50
101
64
84
107
58
66
35
17
8
61
93
110
40
127
101
79
89
41
63
75
36
46
142
0
83
125
84
27
51
46
130
32
126
69
131
5
100
16
37
46
113
73
85
44
114
131
66
104
110
83
151
87
153
99
44
95
156
91
22
80
85
35
124
46
128
130
139
136
97
79
120
143
79
155
69
144
76
40
92
128
39
98
35
161
24
76
94
93
178
42
10
116
-1
13
80
106
67
67
55
104
94
73
131
103
112
125
111
102
100
75
128
137
175
101
138
168
90
156
108
96
142
103
107
189
83
0
178
129
94
118
37
163
51
156
66
103
78
90
83
104
111
124
117
152
111
179
192
108
95
146
150
175
98
186
90
63
160
121
136
105
125
168
54
136
65
45
149
111
157
116
146
160
154
124
188
131
209
143
101
157
178
106
159
102
78
107
137
141
160
225
109
77
181
-1
191
98
172
111
167
143
150
169
186
166
147
130
133
168
137
108
121
136
142
51
89
41
203
88
142
127
182
177
138
95
121
125
178
0
162
140
153
153
101
139
183
160
216
124
134
129
131
79
122
174
198
146
100
180
168
196
145
185
108
96
122
206
151
128
165
155
113
182
176
136
113
153
214
219
148
95
204
150
195
24
181
120
171
85
189
159
33
114
129
217
148
256
115
171
159
79
177
155
119
57
-1
142
111
124
113
98
74
89
35
113
20
136
79
72
80
49
101
76
75
22
117
93
123
115
105
110
93
137
89
48
99
60
84
129
162
0
64
65
92
151
78
82
141
143
79
136
68
89
83
139
12
80
58
64
184
78
150
162
95
80
113
174
145
82
132
167
7
106
94
169
81
170
84
141
109
151
157
142
43
134
169
93
176
83
90
144
114
129
181
91
139
72
207
108
136
50
85
134
94
78
148
-1
107
100
72
113
71
47
32
29
96
59
79
102
53
61
30
44
19
56
72
125
51
122
96
90
84
36
80
70
31
57
124
27
94
140
64
0
46
57
125
43
121
96
126
22
111
11
32
61
124
52
80
39
109
142
61
115
117
78
130
98
148
110
55
110
167
71
49
75
112
46
135
57
124
141
134
131
108
74
115
154
74
150
64
154
87
57
107
139
34
115
8
172
51
93
89
88
173
37
21
129
-1
131
120
91
133
59
71
56
75
82
45
103
88
39
15
16
68
43
42
87
136
75
112
50
114
79
60
104
24
17
81
91
51
118
153
65
46
0
81
120
67
107
83
112
46
135
35
56
85
148
77
104
7
95
166
47
139
141
64
145
122
143
116
79
134
187
72
73
29
136
70
147
81
110
134
120
126
132
60
101
177
28
145
18
127
111
81
131
163
58
74
54
196
75
71
75
74
159
61
45
115
-1
50
117
107
104
42
18
67
57
85
94
114
137
88
86
65
63
38
91
100
138
64
157
131
109
119
71
78
105
66
70
152
46
37
153
92
57
81
0
133
14
156
77
115
41
82
46
67
74
104
80
115
74
142
155
96
58
109
113
158
117
156
53
26
123
158
99
68
100
131
17
106
28
82
112
123
127
79
109
150
173
99
158
99
172
106
64
120
152
69
122
65
115
70
100
124
123
208
72
40
144
-1
176
109
133
96
147
123
93
154
168
131
132
141
127
135
104
147
122
130
161
94
154
60
170
119
41
139
183
144
103
160
195
130
163
101
151
125
120
133
0
119
193
182
198
125
73
114
135
153
153
163
183
113
119
89
133
191
176
150
182
127
23
186
129
202
150
158
152
149
212
122
27
127
196
124
179
6
157
146
189
125
148
25
138
159
190
160
107
140
137
194
133
241
154
191
160
98
76
140
124
83
-1
64
104
93
91
28
4
53
43
71
80
100
123
74
72
51
49
24
77
86
124
50
143
117
95
105
57
85
91
52
56
138
32
51
139
78
43
67
14
119
0
142
63
101
27
68
32
53
60
90
66
101
60
128
141
82
72
123
99
144
103
142
67
12
109
145
85
54
86
117
3
92
14
96
98
109
113
65
95
136
159
85
144
85
158
92
50
106
138
55
108
51
129
56
86
110
109
194
58
26
130
-1
169
105
166
118
166
146
131
117
83
62
154
121
114
122
91
143
118
117
104
199
150
187
157
95
152
135
179
131
90
156
142
126
156
183
82
121
107
156
193
142
0
190
113
121
141
110
131
160
61
94
162
100
146
241
118
203
152
137
162
87
216
209
154
209
172
89
148
136
211
145
187
156
111
151
121
199
184
125
176
159
135
218
125
172
186
156
206
229
133
181
129
234
150
178
92
149
176
136
120
190
-1
79
146
146
133
91
67
106
106
134
128
153
171
122
98
99
52
77
125
149
145
91
195
133
148
158
110
132
107
100
97
174
69
66
160
141
96
83
77
182
63
190
0
164
74
131
85
106
81
153
129
154
90
178
182
130
135
145
147
202
156
205
93
75
130
187
148
57
112
106
60
155
77
111
161
172
176
128
143
184
184
111
207
65
179
145
109
127
179
108
157
104
144
45
145
158
157
242
111
79
151
-1
116
138
171
151
121
97
136
136
30
123
183
168
119
127
96
148
123
122
165
216
151
192
162
128
157
140
184
136
95
157
203
131
103
216
143
126
112
115
198
101
113
164
0
126
161
115
136
161
146
155
184
105
175
242
65
173
185
142
223
120
221
168
105
210
205
150
153
141
216
104
193
107
58
199
68
204
166
138
181
192
140
223
130
233
76
143
207
239
138
186
134
181
155
179
153
154
237
141
125
195
-1
91
84
72
97
55
31
32
45
96
59
79
102
53
61
30
22
3
56
88
109
35
122
96
74
84
36
58
70
31
41
137
5
78
124
79
22
46
41
125
27
121
74
126
0
95
11
32
45
108
68
80
39
109
126
61
99
115
78
146
82
148
94
39
94
151
86
27
75
90
30
119
41
123
125
134
131
92
74
115
138
74
150
64
143
71
35
91
123
34
93
30
156
29
71
89
88
173
37
5
115
-1
103
36
143
23
88
64
121
103
131
116
59
68
117
132
119
117
92
114
146
134
118
94
185
46
114
110
153
159
120
124
196
100
90
134
136
111
135
82
73
68
141
131
161
95
0
100
106
128
80
126
169
128
153
162
150
140
103
167
131
54
96
135
56
177
77
143
122
146
185
71
46
54
135
166
106
67
133
108
116
110
145
98
153
178
160
90
126
134
108
148
119
168
124
126
97
132
149
126
94
102
-1
96
89
61
102
60
36
21
40
85
48
68
91
42
50
19
33
8
45
83
114
40
111
85
79
73
25
69
59
20
46
126
16
83
129
68
11
35
46
114
32
110
85
115
11
100
0
21
50
113
63
69
28
98
131
50
104
106
67
141
87
137
99
44
99
156
75
38
64
101
35
124
46
113
130
123
120
97
63
104
143
63
139
53
148
76
46
96
128
23
104
19
161
40
82
78
77
162
26
10
118
-1
117
96
45
83
81
57
42
61
106
69
47
87
63
71
40
54
29
66
104
135
61
90
106
100
94
4
90
80
41
67
147
37
104
131
89
32
56
67
135
53
131
106
136
32
106
21
0
71
134
84
90
49
119
152
71
125
85
88
162
108
158
120
65
120
137
96
59
85
122
56
145
67
134
151
144
141
118
84
104
155
84
160
74
169
97
67
117
122
2
125
40
182
61
103
99
98
183
47
31
139
-1
124
123
111
136
88
64
71
90
131
98
109
137
88
100
69
29
42
91
105
64
10
120
135
113
123
75
103
109
70
16
134
46
111
79
83
61
85
74
153
60
160
81
161
45
128
50
71
0
147
95
119
78
117
101
100
132
122
117
121
121
135
127
72
49
190
76
34
114
97
57
126
74
156
158
169
147
125
112
150
103
113
133
103
98
110
80
46
98
73
138
69
189
36
116
128
127
212
76
40
70
-1
137
44
174
57
118
94
134
133
116
123
93
76
125
162
132
130
105
122
161
173
137
128
198
34
186
138
166
172
133
143
199
113
124
122
139
124
148
104
153
90
61
153
146
108
80
113
134
147
0
151
182
141
187
228
151
142
91
180
139
26
176
157
102
196
111
132
135
176
198
93
126
104
144
188
78
147
155
96
150
98
175
178
166
207
173
140
155
168
136
198
132
202
137
176
105
166
189
139
107
179
-1
130
123
124
125
86
62
84
23
125
32
131
91
84
92
61
90
71
87
34
129
103
135
127
117
122
88
126
101
60
109
72
73
117
174
12
52
77
80
163
66
94
129
155
68
126
63
84
95
151
0
92
70
76
194
90
138
169
107
92
125
186
133
70
144
179
19
95
106
158
69
158
72
153
121
163
169
131
55
146
181
105
188
95
102
139
103
141
191
86
151
60
195
97
139
62
97
146
89
73
160
-1
146
158
53
171
129
105
90
109
154
100
137
154
105
119
88
102
77
108
102
183
109
180
154
148
142
94
138
128
89
115
140
85
152
198
80
80
104
115
183
101
162
154
184
80
169
69
90
119
182
92
0
97
144
200
119
173
175
61
160
156
206
168
113
168
225
87
107
133
132
104
193
115
182
189
192
189
166
123
167
212
132
208
122
170
145
115
165
197
92
173
88
230
109
151
130
146
214
95
79
181
-1
124
113
84
126
66
64
49
68
75
38
96
81
32
22
9
61
36
35
80
129
68
105
57
107
72
53
97
31
10
74
98
44
111
146
58
39
7
74
113
60
100
90
105
39
128
28
49
78
141
70
97
0
88
159
40
132
134
57
138
115
136
123
72
127
180
65
66
36
129
63
140
74
103
127
113
119
125
53
94
170
35
138
25
134
104
74
124
156
51
81
47
189
68
78
68
67
152
54
38
108
-1
192
143
154
130
148
124
119
85
145
84
166
143
102
110
79
131
106
105
42
53
127
59
145
153
142
123
167
119
80
133
124
114
179
100
64
109
95
142
119
128
146
178
175
109
153
98
119
117
187
76
144
88
0
186
110
200
204
127
100
161
124
195
132
166
184
71
136
124
199
131
134
134
173
173
183
113
193
107
164
124
123
122
113
123
174
144
71
152
121
169
117
257
138
166
114
21
195
124
108
95
-1
205
198
192
185
169
145
152
171
212
179
190
218
169
181
150
130
123
172
206
133
91
149
216
194
130
156
184
190
151
97
235
131
192
180
184
142
166
155
89
141
241
182
242
126
162
131
152
101
228
194
200
159
186
0
181
213
223
198
222
202
66
208
153
150
239
177
135
195
198
138
116
155
237
163
250
95
196
194
231
204
194
64
184
199
191
161
147
179
154
219
150
270
137
197
209
187
165
157
121
171
-1
121
135
106
148
106
86
71
90
35
58
118
103
54
62
31
83
58
57
100
151
90
127
97
129
92
75
119
71
30
96
138
66
108
168
78
61
47
96
133
82
118
130
65
61
150
50
71
100
151
90
119
40
110
181
0
154
156
77
158
125
156
149
94
149
202
85
88
76
151
85
160
96
63
147
73
139
147
73
116
192
75
158
65
168
126
96
146
178
73
121
69
186
90
118
88
89
172
76
60
130
-1
108
118
165
131
100
76
125
115
143
152
167
150
146
144
123
121
96
149
158
196
122
202
189
108
177
129
136
163
124
128
210
104
95
196
150
115
139
58
191
72
203
135
173
99
140
104
125
132
142
138
173
132
200
213
154
0
51
171
213
116
214
111
84
181
185
157
126
158
189
75
164
86
140
170
168
185
137
167
208
172
157
216
157
230
164
122
178
210
127
180
123
173
128
158
179
181
263
130
98
202
-1
159
67
126
80
151
127
127
146
155
154
116
99
148
156
125
93
114
145
184
186
132
151
191
57
179
81
173
165
126
138
222
110
146
145
162
117
141
109
176
123
152
145
185
115
103
106
85
122
91
169
175
134
204
223
156
51
0
173
162
65
199
162
135
171
134
155
88
170
161
126
149
137
183
221
117
170
188
119
173
121
169
201
159
220
182
150
168
191
83
208
125
224
100
186
128
183
212
132
116
192
-1
163
152
114
165
123
103
88
107
112
75
135
120
71
79
48
100
75
74
117
168
107
144
114
146
109
92
136
88
47
113
155
83
150
185
95
78
64
113
150
99
137
147
142
78
167
67
88
117
180
107
61
57
127
198
77
171
173
0
175
154
173
166
111
166
219
102
105
93
168
102
177
113
140
164
150
156
164
90
133
209
92
175
82
185
143
113
163
195
90
138
86
228
107
135
105
106
189
93
77
147
-1
188
95
202
108
164
140
162
101
193
100
144
127
152
160
129
150
149
155
58
93
131
149
195
105
190
166
204
169
128
137
140
151
175
108
80
130
145
158
182
144
162
202
223
146
131
141
162
121
139
92
160
138
100
222
158
213
162
175
0
113
164
211
148
170
162
87
155
174
218
147
155
150
220
189
165
176
209
123
201
132
173
162
163
127
217
181
75
156
164
219
138
253
157
213
130
121
214
167
151
99
-1
111
18
148
31
131
107
108
127
90
109
67
50
99
137
106
104
79
96
135
147
111
102
172
8
160
112
140
146
107
117
173
87
98
96
113
98
122
117
127
103
87
156
120
82
54
87
108
121
26
125
156
115
161
202
125
116
65
154
113
0
150
170
110
170
85
106
109
151
172
106
100
108
118
198
52
121
168
70
124
72
150
152
140
181
147
117
129
142
110
175
106
176
111
153
79
140
163
113
81
153
-1
199
132
156
119
170
146
116
177
191
154
155
164
150
158
127
164
145
153
166
71
145
83
193
142
64
162
206
167
126
151
177
153
186
122
174
148
143
156
23
142
216
205
221
148
96
137
158
135
176
186
206
136
124
66
156
214
199
173
164
150
0
209
152
184
173
181
169
172
232
145
50
150
219
101
202
29
134
169
212
146
171
2
161
141
213
183
89
163
160
217
156
264
171
214
183
121
99
163
147
106
-1
103
170
160
157
95
71
120
110
138
147
167
190
141
101
118
116
91
144
153
191
117
210
166
162
172
124
131
140
119
123
205
99
90
206
145
110
116
53
186
67
209
93
168
94
135
99
120
127
157
133
168
123
195
208
149
111
162
166
211
170
209
0
79
176
211
152
121
115
184
70
159
81
135
165
176
180
132
162
203
226
88
211
134
225
159
117
173
205
122
175
118
168
123
153
177
176
261
125
93
197
-1
76
92
105
79
32
8
65
47
75
92
112
124
86
76
63
61
36
89
90
136
62
150
129
102
117
69
97
103
64
68
142
44
63
151
82
55
79
26
129
12
154
75
105
39
56
44
65
72
102
70
113
72
132
153
94
84
135
111
148
110
152
79
0
121
133
89
66
90
129
15
102
2
103
110
113
123
77
107
148
166
89
154
97
160
104
38
118
150
67
96
63
141
68
74
122
121
205
70
38
142
-1
173
172
160
185
137
113
120
139
180
147
158
186
137
149
118
78
91
140
154
113
59
169
184
162
172
124
152
158
119
65
183
95
160
128
132
110
134
123
202
109
209
130
210
94
177
99
120
49
196
144
168
127
166
150
149
181
171
166
170
170
184
176
121
0
239
125
83
163
146
106
175
123
205
207
218
196
174
161
199
152
162
182
152
147
159
129
95
147
122
187
118
238
85
165
177
176
261
125
89
119
-1
134
67
174
54
154
141
177
180
175
147
90
99
148
198
171
173
148
145
189
211
180
125
237
77
191
141
209
211
172
183
227
156
121
165
167
167
187
158
150
145
172
187
205
151
77
156
137
190
111
179
225
180
184
239
202
185
134
219
162
85
173
211
133
239
0
174
178
212
241
148
123
131
166
236
137
144
210
139
147
141
211
175
205
250
216
167
198
165
139
225
175
199
180
203
128
163
212
182
150
179
-1
149
108
131
120
105
81
96
42
120
27
143
86
79
87
56
105
83
82
29
124
86
130
122
98
117
100
144
96
55
92
67
91
136
155
7
71
72
99
158
85
89
148
150
86
143
75
96
76
132
19
87
65
71
177
85
157
155
102
87
106
181
152
89
125
174
0
110
101
173
88
177
91
148
116
158
164
149
36
141
162
100
183
90
97
151
121
122
174
98
146
79
214
112
143
57
92
141
101
85
146
-1
118
111
99
124
82
58
59
72
123
86
106
129
80
88
57
5
30
83
115
98
44
149
123
101
111
63
85
97
58
50
164
22
105
113
106
49
73
68
152
54
148
57
153
27
122
38
59
34
135
95
107
66
136
135
88
126
88
105
155
109
169
121
66
83
178
110
0
102
73
57
146
68
150
152
161
158
119
101
142
137
101
167
91
132
98
62
80
132
61
120
57
183
12
98
116
115
200
64
32
104
-1
138
149
120
158
58
82
85
104
111
74
132
117
68
14
45
97
72
71
116
165
104
141
79
143
108
89
133
53
46
110
120
80
125
182
94
75
29
100
149
86
136
112
141
75
146
64
85
114
176
106
133
36
124
195
76
158
170
93
174
151
172
115
90
163
212
101
102
0
165
89
176
92
139
163
149
155
151
89
130
206
27
174
47
156
140
110
160
192
87
103
83
203
104
100
104
103
188
90
74
144
-1
172
174
79
187
145
121
119
135
186
149
163
180
131
151
120
68
93
134
178
161
107
210
186
164
171
124
148
160
121
113
227
85
168
176
169
112
136
131
212
117
211
106
216
90
185
101
122
97
198
158
132
129
199
198
151
189
161
168
218
172
232
184
129
146
241
173
73
165
0
120
209
131
213
215
224
218
182
164
193
200
164
230
154
195
161
125
143
195
122
183
120
246
61
161
179
178
263
127
95
167
-1
67
107
96
94
31
7
56
46
74
83
103
126
77
75
54
52
27
80
89
121
47
146
120
98
108
60
88
94
55
53
141
35
54
136
81
46
70
17
122
3
145
60
104
30
71
35
56
57
93
69
104
63
131
138
85
75
126
102
147
106
145
70
15
106
148
88
57
89
120
0
95
17
99
101
112
116
68
98
139
160
88
147
88
155
95
53
103
135
58
111
54
132
59
89
113
112
197
61
29
127
-1
149
82
160
69
120
96
120
135
163
158
105
114
132
162
131
141
116
135
176
88
136
75
197
92
68
149
177
171
130
142
168
124
136
113
170
135
147
106
27
92
187
155
193
119
46
124
145
126
126
158
193
140
134
116
160
164
149
177
155
100
50
159
102
175
123
177
146
176
209
95
0
100
181
151
152
21
157
154
162
137
175
52
165
132
184
136
80
113
147
194
143
214
148
172
143
113
103
150
118
56
-1
78
90
107
77
34
10
67
49
77
94
113
122
88
78
65
63
38
91
92
138
64
148
131
100
119
71
99
105
66
70
144
46
65
153
84
57
81
28
127
14
156
77
107
41
54
46
67
74
104
72
115
74
134
155
96
86
137
113
150
108
150
81
2
123
131
91
68
92
131
17
100
0
105
112
115
121
79
109
150
164
91
152
99
158
106
36
120
152
69
94
65
143
70
72
124
123
203
72
40
144
-1
58
125
151
112
112
95
134
134
28
121
148
157
117
125
94
145
120
120
163
214
146
183
160
126
155
138
141
134
93
152
201
128
45
214
141
124
110
82
196
96
111
111
58
123
135
113
134
156
144
153
182
103
173
237
63
140
183
140
220
118
219
135
103
205
166
148
150
139
213
99
181
105
0
194
66
202
161
136
179
190
138
221
128
231
134
141
202
223
136
184
132
123
152
177
151
152
235
139
122
193
-1
162
180
191
182
126
102
151
141
169
89
198
148
141
149
118
147
122
144
131
168
148
184
184
190
165
155
183
158
117
154
169
130
149
219
109
141
134
112
124
98
151
161
199
125
166
130
151
158
188
121
189
127
173
163
147
170
221
164
189
198
101
165
110
207
236
116
152
163
215
101
151
112
194
0
207
130
33
152
203
243
162
99
152
199
190
148
186
236
153
206
149
227
154
184
119
176
200
130
124
207
-1
124
70
179
83
129
105
144
144
38
131
119
102
127
135
104
156
131
130
173
199
159
154
170
60
165
148
192
144
103
165
211
139
111
148
151
134
120
123
179
109
121
172
68
134
106
123
144
169
78
163
192
113
183
250
73
168
117
150
165
52
202
176
113
218
137
158
161
149
224
112
152
115
66
207
0
173
174
122
176
124
148
204
138
233
144
151
181
194
146
194
142
189
163
187
131
162
215
149
133
203
-1
170
103
139
90
141
117
99
156
174
137
126
135
133
141
110
153
128
136
155
100
157
54
176
113
47
140
189
150
109
163
189
136
157
95
157
131
126
127
6
113
199
176
204
131
67
120
141
147
147
169
189
119
113
95
139
185
170
156
176
121
29
180
123
196
144
164
158
155
218
116
21
121
202
130
173
0
163
152
183
119
154
31
144
153
196
157
101
134
142
200
139
235
160
193
164
92
82
146
130
77
-1
129
169
158
156
93
69
118
108
136
122
165
181
139
137
116
114
89
142
151
189
115
208
182
160
170
122
150
156
117
121
202
97
116
204
142
108
132
79
157
65
184
128
166
92
133
97
118
125
155
131
166
125
193
196
147
137
188
164
209
168
134
132
77
174
210
149
119
151
182
68
157
79
161
33
174
163
0
160
201
224
150
132
150
223
157
115
171
203
120
173
116
194
121
151
152
174
233
97
91
195
-1
159
72
119
85
119
99
84
78
108
63
121
104
67
75
44
96
71
70
65
160
103
140
110
62
105
88
132
84
43
109
103
79
146
150
43
74
60
109
146
95
125
143
138
74
108
63
84
112
96
55
123
53
107
194
73
167
119
90
123
70
169
162
107
161
139
36
101
89
164
98
154
109
136
152
122
152
160
0
129
126
88
171
78
133
139
109
158
191
86
134
82
224
103
131
93
102
177
89
73
143
-1
173
106
114
93
160
140
125
144
151
114
57
105
62
116
85
137
112
59
156
153
140
164
151
116
148
108
173
125
86
146
192
120
160
195
134
115
101
150
189
136
176
184
181
115
116
104
104
150
150
146
167
94
164
231
116
208
173
133
201
124
212
203
148
199
147
141
142
130
193
139
162
150
179
203
176
183
201
129
0
180
129
214
119
214
180
150
162
132
106
175
123
238
144
172
134
143
218
130
114
138
-1
167
74
196
87
187
163
164
183
162
165
123
106
155
192
161
132
135
152
166
75
113
65
227
64
166
151
196
201
162
119
145
143
154
24
169
154
177
173
125
159
159
184
192
138
110
143
155
103
98
181
212
170
124
204
192
172
121
209
132
72
146
226
166
152
141
162
137
206
200
160
137
164
190
243
124
119
224
126
180
0
205
144
195
109
203
173
57
138
153
231
162
232
139
195
135
103
201
169
137
81
-1
137
148
119
157
57
81
84
103
110
73
131
116
67
13
44
96
71
70
115
164
103
140
78
142
107
88
132
52
45
109
119
79
124
181
93
74
28
99
148
85
135
111
140
74
145
63
84
113
175
105
132
35
123
194
75
157
169
92
173
150
171
88
89
162
211
100
101
27
164
88
175
91
138
162
148
154
150
88
129
205
0
173
46
155
139
109
159
191
86
102
82
202
103
99
103
102
187
89
73
143
-1
201
134
158
121
172
148
118
179
193
156
157
166
152
160
129
162
147
155
164
69
143
85
195
144
66
164
208
169
128
149
175
155
188
120
176
150
145
158
25
144
218
207
223
150
98
139
160
133
178
188
208
138
122
64
158
216
201
175
162
152
2
211
154
182
175
183
167
174
230
147
52
152
221
99
204
31
132
171
214
144
173
0
163
139
215
185
87
165
162
219
158
266
169
216
185
123
101
165
149
108
-1
144
138
109
151
77
89
74
93
100
63
121
106
57
33
34
86
61
60
105
154
93
130
68
132
97
78
122
42
35
99
109
69
131
171
83
64
18
99
138
85
125
65
130
64
153
53
74
103
166
95
122
25
113
184
65
157
159
82
163
140
161
134
97
152
205
90
91
47
154
88
165
99
128
152
138
144
150
78
119
195
46
163
0
145
129
99
149
181
76
92
72
209
93
89
93
92
177
79
63
133
-1
222
183
204
196
186
162
169
125
203
110
207
169
152
142
139
127
140
155
112
70
108
126
129
173
200
173
201
103
138
114
36
144
209
85
90
154
127
172
159
158
172
179
233
143
178
148
169
98
207
102
170
134
123
199
168
230
220
185
127
181
141
225
160
147
250
97
132
156
195
155
132
158
231
199
233
153
223
133
214
109
155
139
145
0
208
122
52
133
171
153
162
287
134
86
140
144
224
174
138
76
-1
156
149
137
162
120
96
97
116
106
124
144
167
118
126
95
93
68
121
159
174
100
187
161
139
149
101
129
135
96
106
202
76
143
189
144
87
111
106
190
92
186
145
76
71
160
76
97
110
173
139
145
104
174
191
126
164
182
143
217
147
213
159
104
159
216
151
98
140
161
95
184
106
134
190
144
196
157
139
180
203
139
215
129
208
0
106
156
188
99
164
95
221
100
142
154
153
238
102
70
180
-1
114
119
107
113
70
46
67
80
113
94
114
137
88
96
65
57
38
91
123
144
70
157
109
109
119
71
93
83
66
76
150
40
101
159
114
57
81
64
160
50
156
109
143
35
90
46
67
80
140
103
115
74
144
161
96
122
150
113
181
117
183
117
38
129
167
121
62
110
125
53
136
36
141
148
151
157
115
109
150
173
109
185
99
122
106
0
126
158
69
58
65
179
64
36
124
123
208
72
40
150
-1
170
131
152
144
134
110
117
136
177
144
155
149
100
146
115
75
88
103
113
18
56
74
181
121
148
121
149
155
116
62
88
92
157
33
129
107
131
120
107
106
206
127
207
91
126
96
117
46
155
141
165
124
71
147
146
178
168
163
75
129
89
173
118
95
198
122
80
160
143
103
80
120
202
186
181
101
171
158
162
57
159
87
149
52
156
126
0
81
119
184
115
235
82
138
174
92
183
122
86
24
-1
191
124
159
111
166
142
149
168
209
176
75
156
133
178
147
127
120
136
194
99
88
155
213
134
181
126
181
187
148
94
169
128
178
114
181
139
163
152
140
138
229
179
239
123
134
128
122
98
168
191
197
156
152
179
178
210
191
195
156
142
163
205
150
147
165
174
132
192
195
135
113
152
223
236
194
134
203
191
132
138
191
165
181
133
188
158
81
0
124
216
147
256
134
194
185
173
216
154
118
57
-1
119
98
43
85
83
59
44
63
108
71
49
85
65
73
42
56
31
68
106
137
63
88
108
102
96
2
92
82
43
69
149
39
106
129
91
34
58
69
137
55
133
108
138
34
108
23
2
73
136
86
92
51
121
154
73
127
83
90
164
110
160
122
67
122
139
98
61
87
122
58
147
69
136
153
146
142
120
86
106
153
86
162
76
171
99
69
119
124
0
127
42
184
63
105
101
100
185
49
33
141
-1
172
177
165
171
128
104
125
138
156
119
172
162
113
89
90
115
96
116
161
202
128
186
76
167
153
129
151
50
91
134
117
98
159
217
139
115
74
122
194
108
181
157
186
93
148
104
125
138
198
151
173
81
169
219
121
180
208
138
219
175
217
175
96
187
225
146
120
103
183
111
194
94
184
206
194
200
173
134
175
231
102
219
92
153
164
58
184
216
127
0
123
237
122
94
149
148
233
130
98
189
-1
115
108
80
121
79
55
40
37
104
67
87
110
61
69
38
52
27
64
80
133
59
130
104
98
92
44
88
78
39
65
132
35
102
148
72
8
54
65
133
51
129
104
134
30
119
19
40
69
132
60
88
47
117
150
69
123
125
86
138
106
156
118
63
118
175
79
57
83
120
54
143
65
132
149
142
139
116
82
123
162
82
158
72
162
95
65
115
147
42
123
0
180
59
101
97
96
181
45
29
137
-1
91
158
184
145
145
133
182
172
151
209
181
190
203
189
180
178
153
206
215
253
179
216
246
168
234
186
174
220
181
185
267
161
78
256
207
172
196
115
241
129
234
144
181
156
168
161
182
189
202
195
230
189
257
270
186
173
224
228
253
176
264
168
141
238
199
214
183
203
246
132
214
143
123
227
189
235
194
224
238
232
202
266
209
287
221
179
235
256
184
237
180
0
185
215
219
238
303
187
155
259
-1
120
113
101
126
84
60
61
74
125
88
108
131
82
90
59
7
32
85
117
100
46
151
125
103
113
65
87
99
60
52
166
24
107
115
108
51
75
70
154
56
150
45
155
29
124
40
61
36
137
97
109
68
138
137
90
128
100
107
157
111
171
123
68
85
180
112
12
104
61
59
148
70
152
154
163
160
121
103
144
139
103
169
93
134
100
64
82
134
63
122
59
185
0
100
118
117
202
66
34
106
-1
150
155
143
149
106
82
103
116
149
116
150
159
110
86
87
93
74
113
158
156
106
183
73
145
150
107
129
47
88
112
114
76
137
171
136
93
71
100
191
86
178
145
179
71
126
82
103
116
176
139
151
78
166
197
118
158
186
135
213
153
214
153
74
165
203
143
98
100
161
89
172
72
177
184
187
193
151
131
172
195
99
216
89
86
142
36
138
194
105
94
101
215
100
0
146
145
230
108
76
162
-1
154
61
130
74
134
114
99
85
123
30
110
29
78
90
59
111
86
75
72
167
118
145
125
71
120
103
147
99
58
124
110
94
141
159
50
89
75
124
160
110
92
158
153
89
97
78
99
128
105
62
130
68
114
209
88
179
128
105
130
79
183
177
122
177
128
57
116
104
179
113
143
124
151
119
131
164
152
93
134
135
103
185
93
140
154
124
174
185
101
149
97
219
118
146
0
117
84
104
88
154
-1
173
122
133
109
133
113
98
106
124
87
145
130
81
89
58
110
85
84
63
74
117
38
124
132
121
102
146
98
59
123
145
93
160
79
85
88
74
123
98
109
149
157
154
88
132
77
98
127
166
97
146
67
21
187
89
181
183
106
121
140
121
176
121
176
163
92
115
103
178
112
113
123
152
176
162
92
174
102
143
103
102
123
92
144
153
123
92
173
100
148
96
238
117
145
117
0
174
103
87
116
-1
238
145
209
158
218
198
169
169
207
114
194
113
162
174
143
195
170
159
156
170
202
136
209
155
117
187
231
183
142
208
194
178
225
177
134
173
159
208
76
194
176
242
237
173
149
162
183
212
189
146
214
152
195
165
172
263
212
189
214
163
99
261
205
261
212
141
200
188
263
197
103
203
235
200
215
82
233
177
218
201
187
101
177
224
238
208
183
216
185
233
181
303
202
230
84
174
0
188
172
159
-1
122
115
87
128
86
62
47
66
111
74
94
117
68
76
45
59
34
71
109
140
66
137
111
105
99
51
95
85
46
72
152
42
109
155
94
37
61
72
140
58
136
111
141
37
126
26
47
76
139
89
95
54
124
157
76
130
132
93
167
113
163
125
70
125
182
101
64
90
127
61
150
72
139
130
149
146
97
89
130
169
89
165
79
174
102
72
122
154
49
130
45
187
66
108
104
103
188
0
36
144
-1
90
83
71
96
54
30
31
50
95
58
78
101
52
60
29
27
2
55
93
104
30
121
95
73
83
35
63
69
30
36
136
10
77
119
78
21
45
40
124
26
120
79
125
5
94
10
31
40
107
73
79
38
108
121
60
98
116
77
151
81
147
93
38
89
150
85
32
74
95
29
118
40
122
124
133
130
91
73
114
137
73
149
63
138
70
40
86
118
33
98
29
155
34
76
88
87
172
36
0
110
-1
194
138
128
125
158
134
139
158
165
128
132
125
76
130
99
99
112
79
137
42
80
98
165
145
124
143
173
139
100
86
112
116
181
57
148
129
115
144
83
130
190
151
195
115
102
118
139
70
179
160
181
108
95
171
130
202
192
147
99
153
106
197
142
119
179
146
104
144
167
127
56
144
193
207
203
77
195
143
138
81
143
108
133
76
180
150
24
57
141
189
137
259
106
162
154
116
159
144
110
0
